# data for Matouqin
# two type of tanks

param nHrs :=
8760
;

param intv :=
1
;

set Rm :=
Hydrogen
;

set Sp :=
Elec1
;

set Sc :=
Tank1
Tank2
;

set Se :=
Cell1
;

set Pp :=
Hydrogen Elec1
;

set Pc :=
Hydrogen Tank1
Hydrogen Tank2
;

set Pe :=
Hydrogen Cell1
;

param ePrice :=
7008
;

param eBprice :=
2.4
;

param eSprice :=
2.4
;

param inflow :=
0 0.00
1 0.00
2 0.00
3 0.00
4 0.00
5 0.00
6 0.00
7 0.05
8 0.15
9 0.55
10 1.15
11 1.35
12 1.05
13 0.70
14 0.65
15 1.10
16 2.35
17 4.20
18 6.75
19 10.15
20 13.90
21 15.55
22 15.25
23 15.15
24 15.65
25 11.15
26 7.60
27 13.35
28 16.30
29 17.25
30 17.35
31 15.85
32 13.70
33 14.05
34 14.00
35 14.75
36 16.55
37 18.50
38 19.75
39 21.25
40 21.50
41 19.30
42 15.50
43 13.20
44 12.40
45 12.25
46 12.25
47 12.55
48 11.60
49 7.25
50 5.95
51 6.65
52 7.35
53 8.10
54 9.65
55 11.95
56 12.70
57 11.65
58 12.55
59 14.85
60 17.90
61 20.05
62 19.95
63 18.85
64 16.45
65 14.25
66 13.05
67 11.65
68 10.55
69 9.85
70 9.40
71 9.40
72 8.10
73 3.80
74 2.50
75 1.85
76 1.70
77 2.15
78 2.45
79 2.70
80 3.35
81 5.95
82 8.75
83 10.20
84 10.45
85 9.40
86 6.95
87 4.65
88 2.95
89 1.95
90 1.45
91 1.25
92 1.20
93 2.10
94 2.75
95 4.00
96 4.65
97 3.05
98 1.10
99 2.20
100 6.80
101 10.45
102 12.20
103 12.55
104 10.00
105 9.00
106 10.70
107 14.45
108 18.10
109 20.35
110 21.30
111 23.60
112 26.25
113 25.70
114 21.00
115 15.25
116 11.50
117 9.00
118 7.50
119 6.90
120 6.25
121 4.60
122 3.80
123 7.00
124 11.25
125 15.00
126 18.40
127 19.55
128 18.35
129 18.65
130 20.00
131 22.80
132 27.55
133 31.15
134 32.45
135 32.20
136 29.75
137 26.40
138 22.95
139 18.45
140 14.50
141 11.30
142 8.50
143 7.25
144 6.85
145 5.75
146 9.95
147 15.55
148 18.70
149 20.10
150 20.75
151 21.60
152 21.20
153 19.75
154 22.30
155 24.55
156 25.65
157 25.50
158 24.40
159 25.35
160 25.65
161 23.45
162 20.20
163 17.90
164 16.40
165 13.85
166 10.60
167 8.05
168 5.15
169 1.55
170 1.05
171 0.65
172 0.75
173 1.15
174 1.30
175 1.70
176 2.30
177 4.20
178 5.25
179 5.20
180 3.65
181 2.40
182 2.35
183 2.95
184 3.15
185 2.85
186 2.90
187 3.40
188 4.30
189 5.85
190 7.55
191 9.65
192 10.50
193 6.95
194 6.80
195 9.85
196 8.50
197 6.80
198 5.05
199 3.20
200 1.80
201 0.80
202 0.45
203 0.70
204 1.80
205 3.70
206 5.75
207 7.90
208 10.15
209 12.55
210 14.30
211 16.85
212 19.10
213 19.15
214 17.15
215 13.70
216 10.50
217 5.30
218 2.20
219 2.80
220 4.15
221 5.30
222 5.55
223 5.00
224 4.10
225 3.85
226 4.20
227 5.05
228 5.65
229 6.20
230 6.65
231 7.35
232 8.50
233 9.05
234 9.05
235 8.95
236 8.80
237 7.05
238 4.55
239 2.60
240 1.35
241 0.40
242 0.20
243 1.05
244 2.45
245 3.90
246 5.00
247 5.45
248 5.05
249 5.80
250 7.65
251 10.05
252 12.45
253 14.80
254 17.85
255 22.75
256 30.55
257 34.75
258 35.05
259 34.00
260 34.20
261 33.75
262 32.35
263 30.30
264 26.10
265 12.55
266 8.40
267 14.50
268 17.35
269 19.40
270 19.90
271 18.95
272 15.40
273 14.30
274 12.15
275 8.60
276 5.80
277 4.25
278 3.65
279 4.15
280 5.15
281 5.95
282 6.55
283 7.30
284 7.80
285 6.65
286 4.10
287 1.70
288 0.55
289 0.30
290 0.15
291 0.35
292 1.40
293 1.70
294 1.85
295 2.05
296 2.45
297 1.95
298 1.05
299 0.55
300 0.50
301 0.65
302 0.95
303 2.05
304 4.55
305 8.45
306 13.50
307 20.10
308 27.65
309 33.50
310 36.05
311 36.00
312 34.20
313 23.00
314 20.65
315 28.05
316 33.75
317 37.75
318 41.00
319 43.25
320 44.50
321 43.15
322 42.80
323 41.40
324 36.75
325 31.85
326 28.80
327 29.20
328 29.75
329 29.30
330 28.55
331 25.65
332 23.75
333 22.20
334 20.80
335 19.90
336 14.35
337 12.00
338 10.70
339 6.55
340 4.35
341 4.25
342 4.95
343 5.15
344 4.80
345 4.00
346 3.05
347 1.85
348 0.85
349 0.25
350 0.10
351 0.10
352 0.10
353 0.10
354 0.05
355 0.05
356 0.00
357 0.00
358 0.00
359 0.10
360 0.30
361 0.30
362 0.80
363 0.90
364 1.40
365 2.20
366 2.95
367 3.40
368 3.40
369 3.55
370 3.65
371 3.30
372 1.80
373 0.35
374 0.00
375 0.00
376 0.05
377 0.35
378 0.90
379 1.95
380 3.10
381 2.65
382 0.80
383 0.05
384 0.10
385 1.35
386 1.95
387 3.35
388 4.25
389 5.05
390 4.00
391 3.25
392 3.10
393 3.00
394 2.70
395 2.00
396 0.25
397 0.20
398 0.40
399 0.95
400 2.20
401 3.45
402 5.35
403 10.00
404 16.25
405 18.75
406 17.60
407 14.45
408 10.95
409 6.55
410 4.60
411 6.00
412 6.10
413 6.35
414 7.55
415 8.85
416 10.00
417 11.80
418 15.00
419 17.20
420 18.10
421 17.75
422 15.90
423 13.55
424 11.85
425 11.15
426 10.90
427 10.55
428 9.40
429 6.90
430 4.90
431 4.25
432 3.90
433 2.65
434 2.15
435 2.30
436 2.80
437 3.70
438 5.15
439 7.30
440 10.05
441 12.95
442 18.80
443 25.25
444 30.65
445 32.80
446 33.05
447 32.85
448 32.10
449 30.50
450 28.70
451 26.75
452 25.50
453 23.95
454 22.70
455 21.30
456 15.40
457 7.65
458 8.00
459 10.30
460 13.60
461 16.85
462 19.40
463 21.45
464 22.25
465 21.00
466 20.75
467 19.60
468 19.40
469 21.25
470 24.90
471 31.30
472 36.50
473 38.50
474 39.05
475 39.25
476 38.90
477 35.65
478 31.50
479 28.15
480 22.75
481 9.30
482 7.75
483 12.45
484 15.85
485 20.20
486 23.40
487 25.25
488 24.00
489 20.15
490 18.75
491 18.20
492 19.75
493 23.15
494 27.15
495 33.30
496 38.10
497 39.95
498 40.15
499 39.85
500 39.50
501 36.95
502 32.90
503 29.15
504 24.20
505 10.65
506 2.85
507 3.40
508 6.75
509 8.35
510 9.60
511 9.55
512 8.60
513 8.45
514 7.20
515 5.75
516 5.10
517 5.75
518 7.40
519 10.35
520 13.90
521 15.70
522 15.10
523 12.45
524 8.25
525 3.40
526 0.40
527 0.00
528 0.05
529 0.35
530 0.20
531 0.50
532 2.10
533 3.45
534 4.65
535 4.75
536 4.75
537 4.65
538 3.95
539 3.40
540 2.90
541 2.65
542 2.35
543 2.60
544 3.65
545 4.90
546 4.65
547 3.40
548 1.75
549 0.35
550 0.00
551 0.00
552 0.65
553 3.15
554 2.90
555 2.75
556 3.95
557 6.20
558 9.95
559 12.25
560 16.00
561 22.20
562 28.30
563 33.80
564 35.35
565 31.80
566 29.50
567 30.90
568 32.10
569 32.20
570 32.35
571 31.90
572 31.10
573 29.30
574 27.35
575 25.65
576 19.55
577 14.00
578 9.10
579 4.65
580 2.80
581 2.40
582 3.10
583 4.10
584 4.85
585 6.65
586 8.65
587 8.85
588 7.90
589 5.90
590 3.90
591 2.35
592 1.10
593 0.30
594 0.10
595 0.05
596 0.35
597 1.40
598 1.80
599 2.95
600 5.60
601 3.45
602 2.35
603 7.65
604 10.50
605 12.05
606 12.45
607 10.45
608 6.70
609 4.50
610 3.80
611 3.70
612 4.45
613 5.95
614 8.50
615 12.05
616 17.75
617 22.40
618 24.40
619 23.65
620 23.30
621 21.20
622 18.75
623 17.45
624 14.30
625 15.20
626 19.55
627 21.60
628 24.05
629 26.10
630 26.75
631 26.20
632 24.40
633 21.35
634 21.10
635 19.05
636 15.60
637 12.20
638 9.05
639 7.85
640 7.65
641 6.65
642 4.95
643 3.45
644 2.85
645 2.25
646 1.75
647 2.05
648 3.10
649 1.95
650 1.00
651 2.30
652 3.45
653 5.15
654 6.75
655 7.95
656 8.55
657 8.35
658 9.60
659 13.55
660 20.00
661 26.75
662 29.05
663 29.85
664 31.65
665 33.30
666 35.50
667 36.95
668 36.30
669 33.50
670 29.90
671 26.80
672 20.85
673 7.75
674 2.50
675 6.60
676 10.70
677 15.00
678 18.10
679 19.30
680 17.90
681 17.60
682 18.70
683 17.05
684 13.35
685 11.35
686 12.45
687 19.65
688 27.90
689 29.50
690 30.75
691 32.15
692 32.25
693 30.50
694 28.85
695 28.40
696 29.70
697 30.45
698 29.65
699 29.95
700 30.35
701 30.50
702 29.70
703 28.25
704 24.55
705 17.60
706 14.55
707 15.50
708 16.45
709 15.90
710 15.10
711 14.75
712 14.70
713 13.05
714 13.00
715 13.65
716 13.75
717 13.90
718 13.25
719 12.40
720 12.55
721 15.75
722 21.50
723 27.65
724 32.35
725 35.00
726 35.15
727 33.85
728 32.35
729 27.10
730 23.90
731 23.95
732 24.55
733 25.15
734 25.80
735 26.60
736 27.55
737 28.55
738 29.50
739 30.05
740 29.35
741 25.55
742 21.25
743 19.25
744 14.25
745 6.55
746 8.30
747 12.55
748 13.50
749 13.50
750 13.45
751 16.05
752 20.25
753 21.45
754 25.10
755 28.70
756 29.10
757 28.90
758 30.20
759 30.20
760 28.30
761 27.75
762 28.30
763 29.15
764 29.50
765 32.70
766 35.65
767 36.20
768 32.20
769 30.55
770 39.60
771 41.55
772 41.60
773 42.10
774 42.90
775 44.00
776 44.75
777 42.45
778 38.60
779 34.25
780 33.30
781 33.30
782 32.45
783 35.00
784 37.35
785 36.85
786 35.85
787 36.55
788 37.40
789 36.00
790 33.90
791 32.45
792 26.75
793 33.25
794 45.05
795 47.25
796 47.85
797 46.90
798 45.10
799 42.25
800 37.15
801 25.45
802 16.45
803 11.75
804 11.15
805 15.50
806 23.80
807 31.50
808 36.10
809 37.95
810 38.60
811 39.25
812 39.55
813 38.50
814 37.50
815 36.85
816 32.10
817 17.90
818 13.20
819 35.80
820 44.05
821 46.45
822 47.20
823 46.95
824 44.65
825 41.15
826 39.65
827 37.35
828 35.25
829 33.60
830 31.65
831 30.50
832 30.70
833 31.75
834 32.75
835 34.85
836 36.85
837 35.25
838 31.90
839 28.30
840 23.30
841 11.65
842 4.65
843 18.60
844 32.85
845 39.80
846 41.30
847 39.70
848 33.65
849 26.30
850 23.70
851 22.75
852 20.80
853 15.85
854 11.80
855 12.90
856 16.35
857 20.45
858 24.35
859 25.30
860 25.45
861 25.25
862 23.45
863 20.45
864 17.15
865 7.90
866 11.15
867 24.90
868 40.05
869 46.25
870 48.05
871 48.45
872 48.65
873 48.50
874 48.15
875 47.70
876 45.85
877 41.00
878 32.70
879 25.25
880 19.35
881 14.95
882 11.55
883 9.35
884 6.65
885 4.35
886 3.45
887 4.45
888 5.10
889 6.15
890 5.20
891 4.65
892 4.15
893 5.35
894 4.70
895 4.50
896 2.80
897 1.20
898 0.55
899 0.40
900 0.65
901 0.35
902 0.15
903 1.20
904 1.90
905 2.25
906 4.65
907 8.45
908 8.95
909 9.95
910 11.50
911 10.65
912 13.15
913 16.85
914 20.05
915 25.50
916 32.20
917 38.25
918 41.70
919 43.25
920 43.10
921 36.90
922 28.70
923 27.45
924 25.70
925 22.10
926 20.65
927 19.90
928 18.95
929 18.50
930 17.15
931 15.45
932 11.35
933 5.20
934 2.45
935 0.95
936 0.45
937 0.40
938 0.55
939 0.55
940 0.55
941 0.70
942 0.95
943 1.00
944 0.75
945 0.70
946 1.20
947 1.50
948 1.40
949 0.95
950 0.50
951 0.30
952 0.10
953 0.05
954 0.05
955 0.20
956 0.50
957 0.65
958 0.60
959 1.15
960 1.60
961 4.30
962 8.75
963 12.90
964 18.20
965 25.25
966 31.00
967 35.35
968 36.55
969 30.90
970 30.60
971 33.60
972 36.30
973 36.45
974 34.75
975 32.40
976 27.35
977 20.55
978 14.45
979 10.00
980 6.95
981 4.40
982 2.25
983 1.35
984 0.85
985 0.45
986 0.10
987 0.00
988 0.00
989 0.00
990 0.05
991 0.25
992 0.45
993 1.20
994 3.40
995 4.35
996 4.80
997 5.20
998 5.20
999 5.70
1000 7.20
1001 11.00
1002 14.75
1003 20.20
1004 22.90
1005 23.15
1006 21.45
1007 19.75
1008 12.05
1009 8.40
1010 13.50
1011 15.05
1012 16.45
1013 17.60
1014 16.50
1015 14.20
1016 12.45
1017 11.40
1018 14.15
1019 14.85
1020 12.55
1021 8.35
1022 4.10
1023 2.60
1024 3.30
1025 5.30
1026 6.80
1027 6.40
1028 7.45
1029 10.65
1030 14.55
1031 14.80
1032 8.20
1033 5.05
1034 9.75
1035 12.75
1036 15.85
1037 20.35
1038 25.40
1039 30.10
1040 33.05
1041 32.20
1042 27.20
1043 27.05
1044 30.75
1045 38.85
1046 41.25
1047 43.75
1048 45.50
1049 46.50
1050 46.55
1051 46.60
1052 45.45
1053 42.75
1054 36.25
1055 29.90
1056 32.35
1057 42.30
1058 45.35
1059 45.95
1060 46.60
1061 47.10
1062 47.30
1063 47.15
1064 46.45
1065 44.00
1066 39.30
1067 34.80
1068 30.30
1069 26.05
1070 21.50
1071 19.35
1072 17.60
1073 14.60
1074 12.45
1075 11.00
1076 9.75
1077 8.40
1078 7.70
1079 7.80
1080 7.65
1081 11.35
1082 12.65
1083 14.20
1084 16.85
1085 19.40
1086 21.55
1087 22.55
1088 22.30
1089 20.20
1090 17.25
1091 15.15
1092 13.25
1093 11.50
1094 10.05
1095 10.70
1096 12.15
1097 12.35
1098 11.65
1099 11.35
1100 11.70
1101 11.05
1102 9.45
1103 7.15
1104 2.75
1105 0.75
1106 0.20
1107 0.00
1108 0.00
1109 0.00
1110 0.10
1111 0.85
1112 2.05
1113 2.90
1114 3.80
1115 3.20
1116 2.25
1117 2.05
1118 2.25
1119 2.95
1120 3.75
1121 4.65
1122 6.55
1123 7.25
1124 6.70
1125 4.25
1126 1.90
1127 0.85
1128 0.15
1129 0.00
1130 0.00
1131 0.00
1132 0.00
1133 0.05
1134 0.00
1135 0.00
1136 0.00
1137 0.00
1138 0.15
1139 1.75
1140 2.75
1141 2.50
1142 1.90
1143 1.55
1144 1.70
1145 1.75
1146 1.35
1147 0.70
1148 0.25
1149 0.10
1150 0.05
1151 0.00
1152 0.05
1153 0.05
1154 0.05
1155 0.20
1156 0.65
1157 1.25
1158 1.40
1159 1.05
1160 0.65
1161 0.35
1162 0.35
1163 0.65
1164 1.00
1165 1.25
1166 1.55
1167 1.90
1168 2.90
1169 5.25
1170 9.45
1171 14.05
1172 16.85
1173 16.15
1174 14.15
1175 13.10
1176 9.85
1177 4.15
1178 5.70
1179 5.05
1180 4.50
1181 3.95
1182 2.75
1183 1.35
1184 0.30
1185 0.00
1186 0.00
1187 0.00
1188 0.15
1189 0.95
1190 2.15
1191 2.70
1192 2.45
1193 2.05
1194 1.75
1195 1.80
1196 1.65
1197 0.95
1198 0.70
1199 0.75
1200 0.75
1201 0.15
1202 0.10
1203 0.20
1204 0.40
1205 0.45
1206 0.40
1207 0.40
1208 0.60
1209 1.30
1210 1.70
1211 1.60
1212 1.25
1213 0.80
1214 0.35
1215 0.20
1216 0.15
1217 0.15
1218 0.20
1219 0.15
1220 0.20
1221 0.15
1222 0.10
1223 0.15
1224 0.25
1225 0.10
1226 0.20
1227 1.50
1228 3.70
1229 4.90
1230 4.05
1231 2.90
1232 2.30
1233 3.65
1234 4.05
1235 3.20
1236 2.65
1237 1.65
1238 0.75
1239 0.25
1240 0.05
1241 0.05
1242 0.05
1243 0.20
1244 0.35
1245 0.30
1246 0.25
1247 0.25
1248 0.20
1249 0.00
1250 0.00
1251 0.00
1252 0.00
1253 0.00
1254 0.00
1255 0.00
1256 0.00
1257 0.00
1258 0.05
1259 0.05
1260 0.05
1261 0.00
1262 0.00
1263 0.00
1264 0.00
1265 0.00
1266 0.05
1267 0.05
1268 0.05
1269 0.10
1270 0.05
1271 0.05
1272 0.00
1273 0.00
1274 0.25
1275 0.65
1276 0.50
1277 0.45
1278 0.45
1279 0.25
1280 0.05
1281 0.00
1282 0.00
1283 0.00
1284 0.00
1285 0.05
1286 0.25
1287 0.40
1288 0.30
1289 0.05
1290 0.00
1291 0.00
1292 0.00
1293 0.05
1294 0.20
1295 0.45
1296 0.25
1297 0.05
1298 0.05
1299 0.15
1300 0.20
1301 0.25
1302 0.35
1303 0.40
1304 0.70
1305 1.15
1306 1.90
1307 3.45
1308 6.40
1309 10.00
1310 12.35
1311 12.25
1312 10.15
1313 8.85
1314 7.90
1315 6.50
1316 4.50
1317 2.45
1318 0.95
1319 0.40
1320 0.00
1321 0.00
1322 0.55
1323 2.10
1324 5.05
1325 7.75
1326 9.65
1327 9.05
1328 6.60
1329 4.70
1330 3.85
1331 3.40
1332 3.85
1333 5.55
1334 5.60
1335 3.80
1336 2.40
1337 1.90
1338 2.00
1339 2.55
1340 2.60
1341 2.20
1342 1.85
1343 1.60
1344 0.50
1345 0.10
1346 0.00
1347 0.00
1348 0.35
1349 1.35
1350 2.90
1351 4.75
1352 7.00
1353 11.05
1354 18.30
1355 20.95
1356 18.35
1357 13.25
1358 8.70
1359 6.15
1360 4.90
1361 3.90
1362 3.40
1363 3.10
1364 2.80
1365 1.60
1366 0.65
1367 0.20
1368 0.00
1369 0.00
1370 0.00
1371 0.00
1372 0.00
1373 0.00
1374 0.00
1375 0.05
1376 0.10
1377 0.15
1378 0.10
1379 0.05
1380 0.00
1381 0.00
1382 0.00
1383 0.00
1384 0.00
1385 0.10
1386 0.45
1387 0.85
1388 0.95
1389 0.65
1390 0.25
1391 0.05
1392 0.00
1393 0.00
1394 0.10
1395 0.20
1396 0.30
1397 0.30
1398 0.10
1399 0.05
1400 0.00
1401 0.10
1402 0.55
1403 1.05
1404 1.25
1405 1.30
1406 1.85
1407 2.40
1408 2.35
1409 1.75
1410 0.95
1411 0.50
1412 0.40
1413 0.30
1414 0.30
1415 0.40
1416 0.25
1417 0.70
1418 1.50
1419 2.45
1420 3.65
1421 4.20
1422 3.70
1423 2.85
1424 2.10
1425 2.60
1426 3.55
1427 3.80
1428 3.40
1429 3.35
1430 4.05
1431 5.05
1432 5.70
1433 6.15
1434 6.55
1435 6.70
1436 7.00
1437 7.30
1438 7.60
1439 7.45
1440 3.90
1441 3.20
1442 4.30
1443 3.00
1444 2.70
1445 2.85
1446 2.90
1447 2.75
1448 2.45
1449 3.05
1450 4.60
1451 7.05
1452 11.15
1453 15.55
1454 19.30
1455 22.35
1456 24.55
1457 25.05
1458 24.45
1459 23.30
1460 21.60
1461 17.65
1462 13.05
1463 8.80
1464 2.70
1465 0.55
1466 0.70
1467 1.35
1468 2.05
1469 2.45
1470 2.40
1471 1.90
1472 1.40
1473 1.70
1474 2.20
1475 2.85
1476 4.05
1477 5.35
1478 6.70
1479 8.95
1480 11.55
1481 12.65
1482 11.40
1483 8.95
1484 6.25
1485 3.65
1486 1.75
1487 0.35
1488 0.00
1489 0.00
1490 0.00
1491 0.00
1492 0.05
1493 0.45
1494 1.80
1495 3.85
1496 6.35
1497 9.85
1498 15.15
1499 18.55
1500 23.15
1501 29.50
1502 34.00
1503 34.75
1504 32.45
1505 29.55
1506 27.80
1507 27.25
1508 27.20
1509 26.10
1510 24.55
1511 21.75
1512 13.80
1513 23.20
1514 22.55
1515 20.10
1516 17.25
1517 16.25
1518 17.60
1519 20.65
1520 23.75
1521 23.30
1522 26.10
1523 28.05
1524 27.75
1525 25.50
1526 21.30
1527 15.60
1528 11.55
1529 9.15
1530 8.10
1531 7.85
1532 8.50
1533 10.10
1534 11.80
1535 10.75
1536 10.60
1537 9.60
1538 7.40
1539 6.25
1540 5.35
1541 4.70
1542 4.70
1543 5.85
1544 8.10
1545 11.65
1546 16.30
1547 18.95
1548 20.50
1549 21.75
1550 22.45
1551 22.60
1552 22.05
1553 21.00
1554 19.70
1555 18.15
1556 17.05
1557 14.80
1558 11.80
1559 7.85
1560 8.45
1561 10.50
1562 9.70
1563 9.60
1564 10.55
1565 12.35
1566 14.30
1567 16.25
1568 18.20
1569 20.35
1570 24.70
1571 25.55
1572 24.40
1573 23.75
1574 24.55
1575 26.00
1576 26.30
1577 25.25
1578 24.20
1579 23.80
1580 24.05
1581 23.60
1582 23.70
1583 20.55
1584 20.65
1585 27.80
1586 31.50
1587 31.75
1588 30.90
1589 28.05
1590 24.65
1591 20.65
1592 15.60
1593 10.35
1594 8.05
1595 6.80
1596 7.05
1597 8.55
1598 11.45
1599 16.50
1600 21.65
1601 24.55
1602 22.95
1603 17.60
1604 13.35
1605 10.10
1606 7.10
1607 4.25
1608 1.40
1609 0.90
1610 1.75
1611 2.70
1612 3.30
1613 3.75
1614 3.80
1615 3.25
1616 2.40
1617 1.85
1618 1.70
1619 1.10
1620 0.40
1621 0.05
1622 0.00
1623 0.05
1624 0.25
1625 1.30
1626 6.15
1627 21.10
1628 35.15
1629 37.85
1630 37.70
1631 33.80
1632 42.00
1633 46.75
1634 47.45
1635 48.10
1636 48.65
1637 49.30
1638 49.50
1639 49.50
1640 49.30
1641 47.90
1642 42.20
1643 34.15
1644 29.00
1645 23.55
1646 16.85
1647 12.95
1648 13.15
1649 17.10
1650 23.55
1651 28.35
1652 30.35
1653 31.25
1654 30.90
1655 26.00
1656 19.75
1657 24.75
1658 31.90
1659 37.00
1660 40.15
1661 42.85
1662 44.70
1663 45.40
1664 45.15
1665 41.90
1666 42.45
1667 44.30
1668 41.55
1669 36.60
1670 31.00
1671 27.95
1672 25.70
1673 22.65
1674 19.70
1675 16.60
1676 13.20
1677 8.75
1678 5.35
1679 3.10
1680 3.35
1681 5.50
1682 9.40
1683 15.00
1684 20.50
1685 24.90
1686 27.95
1687 29.45
1688 29.30
1689 24.10
1690 18.60
1691 14.20
1692 9.55
1693 5.90
1694 3.45
1695 2.05
1696 1.30
1697 1.25
1698 2.45
1699 5.20
1700 9.40
1701 13.20
1702 16.05
1703 13.85
1704 9.60
1705 20.65
1706 24.55
1707 27.85
1708 29.05
1709 29.50
1710 31.20
1711 34.40
1712 36.95
1713 33.85
1714 34.75
1715 37.60
1716 37.65
1717 35.90
1718 33.70
1719 29.50
1720 22.50
1721 16.35
1722 13.70
1723 14.55
1724 18.20
1725 22.10
1726 24.90
1727 21.60
1728 16.85
1729 26.25
1730 30.35
1731 32.85
1732 34.20
1733 35.75
1734 37.20
1735 38.10
1736 38.60
1737 35.40
1738 35.10
1739 37.00
1740 37.40
1741 35.60
1742 32.85
1743 34.90
1744 39.15
1745 40.40
1746 39.35
1747 36.65
1748 33.60
1749 29.45
1750 25.25
1751 19.15
1752 8.15
1753 9.20
1754 13.30
1755 16.15
1756 18.15
1757 18.35
1758 16.90
1759 14.55
1760 12.55
1761 11.35
1762 12.95
1763 14.45
1764 15.55
1765 16.25
1766 17.30
1767 20.15
1768 23.50
1769 26.25
1770 28.40
1771 29.35
1772 28.80
1773 25.95
1774 22.10
1775 17.05
1776 7.05
1777 4.10
1778 6.30
1779 9.55
1780 11.90
1781 13.50
1782 14.30
1783 14.55
1784 14.00
1785 12.40
1786 12.05
1787 9.80
1788 6.65
1789 3.25
1790 0.90
1791 0.20
1792 0.05
1793 0.05
1794 0.05
1795 0.10
1796 0.40
1797 1.25
1798 2.50
1799 3.45
1800 2.10
1801 1.95
1802 4.95
1803 6.75
1804 10.05
1805 14.65
1806 19.75
1807 21.45
1808 19.90
1809 17.45
1810 18.00
1811 17.90
1812 19.40
1813 22.80
1814 26.90
1815 31.65
1816 34.95
1817 35.60
1818 35.25
1819 36.95
1820 39.65
1821 39.25
1822 36.75
1823 29.50
1824 16.30
1825 12.55
1826 17.15
1827 16.40
1828 15.80
1829 16.00
1830 17.15
1831 18.70
1832 19.25
1833 16.15
1834 15.20
1835 17.00
1836 21.75
1837 27.90
1838 33.05
1839 35.55
1840 37.30
1841 37.60
1842 34.75
1843 31.95
1844 30.80
1845 27.50
1846 23.95
1847 17.50
1848 8.60
1849 4.75
1850 7.30
1851 18.15
1852 28.55
1853 30.05
1854 22.35
1855 13.20
1856 12.55
1857 16.20
1858 13.85
1859 14.30
1860 18.95
1861 21.70
1862 21.65
1863 22.35
1864 22.85
1865 21.95
1866 21.85
1867 23.15
1868 26.80
1869 33.75
1870 41.60
1871 45.15
1872 46.35
1873 48.65
1874 49.05
1875 48.85
1876 49.05
1877 49.45
1878 49.55
1879 49.55
1880 49.55
1881 49.50
1882 48.75
1883 46.70
1884 43.55
1885 36.25
1886 27.85
1887 23.00
1888 18.50
1889 13.95
1890 10.55
1891 8.35
1892 7.75
1893 6.65
1894 5.80
1895 8.30
1896 10.35
1897 12.05
1898 12.45
1899 10.40
1900 7.10
1901 4.95
1902 3.60
1903 3.50
1904 4.75
1905 6.60
1906 9.95
1907 13.00
1908 13.25
1909 11.95
1910 10.30
1911 9.20
1912 7.95
1913 6.75
1914 5.85
1915 4.45
1916 2.85
1917 1.50
1918 0.80
1919 0.40
1920 4.00
1921 10.90
1922 18.05
1923 25.05
1924 30.50
1925 34.85
1926 38.00
1927 39.80
1928 40.40
1929 38.15
1930 35.40
1931 37.30
1932 37.10
1933 35.50
1934 33.40
1935 30.60
1936 25.25
1937 17.30
1938 11.25
1939 7.75
1940 5.75
1941 3.05
1942 0.70
1943 0.05
1944 0.05
1945 0.55
1946 1.60
1947 3.10
1948 4.20
1949 4.50
1950 4.20
1951 3.40
1952 2.50
1953 1.70
1954 1.00
1955 0.35
1956 0.00
1957 0.00
1958 0.00
1959 0.75
1960 4.00
1961 9.35
1962 15.10
1963 17.90
1964 16.85
1965 13.35
1966 10.25
1967 7.55
1968 3.05
1969 2.35
1970 8.30
1971 15.75
1972 23.95
1973 29.40
1974 33.05
1975 35.15
1976 35.80
1977 30.75
1978 25.50
1979 22.55
1980 22.35
1981 25.95
1982 28.80
1983 30.15
1984 30.05
1985 29.40
1986 29.55
1987 30.15
1988 30.20
1989 29.15
1990 27.45
1991 22.95
1992 10.20
1993 7.20
1994 11.30
1995 10.60
1996 10.65
1997 11.95
1998 13.90
1999 15.55
2000 16.85
2001 17.60
2002 20.85
2003 22.35
2004 20.95
2005 18.35
2006 16.85
2007 18.70
2008 24.25
2009 30.30
2010 34.55
2011 35.70
2012 36.30
2013 36.40
2014 35.35
2015 31.00
2016 17.75
2017 10.95
2018 22.95
2019 33.05
2020 35.45
2021 38.60
2022 41.60
2023 43.75
2024 44.70
2025 42.90
2026 41.80
2027 42.90
2028 43.35
2029 41.70
2030 39.15
2031 39.60
2032 41.10
2033 42.35
2034 43.00
2035 43.15
2036 43.55
2037 42.55
2038 40.25
2039 33.70
2040 22.75
2041 27.15
2042 35.35
2043 35.75
2044 36.10
2045 35.50
2046 35.50
2047 35.40
2048 34.20
2049 27.80
2050 18.70
2051 11.25
2052 4.45
2053 0.95
2054 0.15
2055 0.15
2056 0.50
2057 2.20
2058 6.70
2059 11.65
2060 13.55
2061 12.75
2062 13.05
2063 10.80
2064 12.45
2065 23.80
2066 29.40
2067 33.05
2068 34.15
2069 33.05
2070 31.75
2071 30.95
2072 28.90
2073 24.50
2074 19.55
2075 17.10
2076 14.85
2077 13.90
2078 14.50
2079 20.70
2080 30.90
2081 36.55
2082 35.65
2083 34.00
2084 34.20
2085 35.65
2086 36.30
2087 32.05
2088 42.85
2089 45.35
2090 46.40
2091 47.40
2092 47.95
2093 48.15
2094 48.05
2095 47.85
2096 47.55
2097 46.75
2098 43.55
2099 37.50
2100 31.35
2101 28.30
2102 25.10
2103 26.00
2104 26.40
2105 25.65
2106 23.05
2107 20.05
2108 18.95
2109 17.85
2110 16.15
2111 19.90
2112 27.15
2113 30.10
2114 33.75
2115 37.00
2116 39.30
2117 40.95
2118 41.80
2119 41.85
2120 41.15
2121 38.30
2122 31.05
2123 27.10
2124 22.50
2125 17.15
2126 11.20
2127 6.60
2128 2.95
2129 0.70
2130 0.05
2131 0.00
2132 0.00
2133 0.35
2134 3.05
2135 5.05
2136 11.35
2137 16.80
2138 18.35
2139 20.00
2140 22.85
2141 26.55
2142 30.15
2143 31.80
2144 31.35
2145 26.30
2146 17.45
2147 10.05
2148 6.10
2149 5.10
2150 2.95
2151 1.40
2152 0.45
2153 0.10
2154 0.05
2155 0.15
2156 0.45
2157 0.90
2158 1.00
2159 0.95
2160 0.65
2161 1.30
2162 1.50
2163 1.90
2164 2.55
2165 2.85
2166 2.70
2167 2.20
2168 1.80
2169 0.85
2170 0.10
2171 0.05
2172 0.05
2173 0.80
2174 2.90
2175 6.15
2176 9.70
2177 13.95
2178 18.35
2179 21.20
2180 23.05
2181 24.55
2182 25.80
2183 21.10
2184 11.15
2185 22.30
2186 20.10
2187 14.75
2188 10.35
2189 7.75
2190 5.75
2191 4.20
2192 2.90
2193 2.25
2194 2.80
2195 3.55
2196 4.65
2197 5.60
2198 6.25
2199 5.85
2200 5.95
2201 7.20
2202 8.25
2203 8.80
2204 10.15
2205 8.45
2206 3.75
2207 0.60
2208 0.00
2209 0.00
2210 0.00
2211 0.05
2212 0.00
2213 0.00
2214 0.00
2215 0.00
2216 0.00
2217 0.00
2218 0.05
2219 0.65
2220 2.45
2221 5.20
2222 9.05
2223 13.90
2224 18.20
2225 21.20
2226 22.95
2227 23.90
2228 25.00
2229 25.55
2230 24.55
2231 18.25
2232 5.80
2233 2.10
2234 4.15
2235 6.20
2236 11.00
2237 18.30
2238 26.45
2239 32.00
2240 33.60
2241 29.55
2242 24.40
2243 25.35
2244 29.35
2245 30.50
2246 21.70
2247 7.15
2248 0.60
2249 0.00
2250 2.95
2251 14.05
2252 29.30
2253 37.85
2254 41.00
2255 37.85
2256 25.55
2257 24.45
2258 43.45
2259 44.70
2260 45.60
2261 46.40
2262 46.90
2263 46.80
2264 45.85
2265 42.05
2266 38.05
2267 34.25
2268 26.10
2269 18.20
2270 12.25
2271 7.95
2272 6.85
2273 10.10
2274 17.75
2275 24.90
2276 28.05
2277 27.35
2278 24.25
2279 13.95
2280 8.00
2281 6.20
2282 2.50
2283 1.60
2284 2.70
2285 4.75
2286 8.90
2287 13.95
2288 16.00
2289 12.45
2290 8.55
2291 6.55
2292 2.95
2293 0.45
2294 0.15
2295 1.05
2296 4.90
2297 10.60
2298 18.20
2299 25.40
2300 28.55
2301 28.90
2302 29.00
2303 24.90
2304 17.90
2305 21.65
2306 35.70
2307 38.85
2308 38.95
2309 37.05
2310 34.20
2311 30.75
2312 24.55
2313 16.15
2314 7.15
2315 1.75
2316 0.15
2317 0.05
2318 0.10
2319 0.40
2320 0.75
2321 0.95
2322 0.80
2323 0.40
2324 0.20
2325 0.20
2326 0.10
2327 0.10
2328 0.15
2329 0.95
2330 1.80
2331 3.45
2332 7.65
2333 13.65
2334 19.10
2335 15.15
2336 6.50
2337 1.45
2338 1.60
2339 3.50
2340 3.15
2341 2.30
2342 4.35
2343 10.85
2344 17.15
2345 22.20
2346 23.55
2347 24.60
2348 27.30
2349 29.60
2350 30.25
2351 30.75
2352 33.80
2353 34.00
2354 30.20
2355 23.55
2356 17.75
2357 15.70
2358 16.70
2359 19.30
2360 21.50
2361 23.20
2362 22.50
2363 22.40
2364 21.45
2365 21.40
2366 19.40
2367 18.80
2368 20.50
2369 20.75
2370 18.35
2371 15.55
2372 13.45
2373 12.60
2374 9.75
2375 3.30
2376 1.90
2377 2.70
2378 5.60
2379 11.15
2380 17.75
2381 23.75
2382 29.15
2383 33.20
2384 35.40
2385 35.80
2386 30.65
2387 23.80
2388 20.80
2389 19.55
2390 19.75
2391 20.50
2392 20.35
2393 18.40
2394 15.65
2395 13.25
2396 11.75
2397 10.05
2398 8.45
2399 4.00
2400 2.15
2401 1.50
2402 1.55
2403 1.60
2404 1.35
2405 1.15
2406 0.95
2407 0.70
2408 0.45
2409 0.20
2410 0.05
2411 0.30
2412 3.85
2413 13.20
2414 24.05
2415 31.30
2416 32.90
2417 31.75
2418 30.05
2419 28.20
2420 29.30
2421 29.45
2422 26.60
2423 17.20
2424 11.90
2425 9.90
2426 6.80
2427 6.75
2428 9.25
2429 13.50
2430 18.70
2431 23.50
2432 26.30
2433 24.85
2434 17.20
2435 10.30
2436 4.75
2437 1.50
2438 0.30
2439 0.20
2440 0.50
2441 1.40
2442 3.00
2443 5.80
2444 9.65
2445 18.00
2446 24.65
2447 17.90
2448 20.75
2449 27.30
2450 35.05
2451 42.10
2452 45.75
2453 47.20
2454 47.75
2455 47.70
2456 47.15
2457 46.05
2458 42.45
2459 38.25
2460 34.50
2461 29.30
2462 22.35
2463 14.80
2464 7.00
2465 1.95
2466 0.60
2467 0.65
2468 2.30
2469 5.85
2470 8.25
2471 5.25
2472 0.95
2473 0.00
2474 0.15
2475 0.75
2476 1.80
2477 3.55
2478 6.35
2479 9.70
2480 12.55
2481 15.60
2482 19.90
2483 26.90
2484 30.20
2485 31.05
2486 31.40
2487 32.10
2488 33.05
2489 34.30
2490 35.35
2491 35.30
2492 33.05
2493 29.15
2494 24.70
2495 10.25
2496 3.55
2497 1.85
2498 0.25
2499 0.65
2500 2.45
2501 6.95
2502 14.70
2503 23.20
2504 30.95
2505 35.40
2506 31.30
2507 25.05
2508 20.05
2509 19.40
2510 24.85
2511 30.75
2512 34.50
2513 36.20
2514 35.75
2515 32.80
2516 28.90
2517 26.35
2518 26.05
2519 18.05
2520 6.40
2521 11.85
2522 19.65
2523 20.20
2524 20.35
2525 23.70
2526 28.25
2527 31.15
2528 32.40
2529 28.90
2530 23.80
2531 27.20
2532 31.75
2533 36.70
2534 41.05
2535 43.60
2536 43.75
2537 42.75
2538 41.55
2539 40.55
2540 39.35
2541 37.95
2542 35.80
2543 26.10
2544 10.25
2545 4.50
2546 9.45
2547 16.45
2548 18.55
2549 21.55
2550 23.90
2551 24.50
2552 23.20
2553 19.30
2554 20.50
2555 27.10
2556 34.55
2557 38.50
2558 39.55
2559 41.30
2560 42.50
2561 42.95
2562 42.85
2563 42.55
2564 43.60
2565 44.20
2566 43.25
2567 40.60
2568 45.75
2569 46.50
2570 45.35
2571 42.85
2572 40.40
2573 38.10
2574 36.35
2575 35.35
2576 32.35
2577 28.90
2578 33.05
2579 43.25
2580 45.35
2581 46.75
2582 48.90
2583 47.75
2584 47.20
2585 45.35
2586 44.15
2587 40.75
2588 35.90
2589 32.75
2590 31.05
2591 29.95
2592 34.85
2593 36.20
2594 36.25
2595 38.25
2596 39.35
2597 38.10
2598 31.95
2599 27.20
2600 23.80
2601 10.60
2602 2.40
2603 2.65
2604 4.40
2605 5.05
2606 3.50
2607 2.55
2608 6.40
2609 15.40
2610 19.70
2611 14.20
2612 12.75
2613 6.50
2614 4.20
2615 2.35
2616 2.85
2617 2.70
2618 2.65
2619 2.25
2620 0.95
2621 0.30
2622 0.05
2623 0.00
2624 0.00
2625 0.00
2626 0.00
2627 2.05
2628 6.80
2629 13.25
2630 22.45
2631 29.00
2632 32.25
2633 34.20
2634 35.25
2635 35.50
2636 34.60
2637 31.10
2638 25.50
2639 13.35
2640 4.50
2641 6.10
2642 2.80
2643 1.85
2644 2.50
2645 5.10
2646 9.35
2647 13.25
2648 15.35
2649 16.85
2650 21.65
2651 32.20
2652 37.75
2653 40.10
2654 41.15
2655 41.60
2656 41.55
2657 41.00
2658 39.65
2659 38.25
2660 36.85
2661 32.55
2662 25.60
2663 11.55
2664 8.10
2665 15.60
2666 7.65
2667 4.45
2668 3.85
2669 4.00
2670 4.40
2671 5.05
2672 6.00
2673 7.05
2674 10.90
2675 21.75
2676 29.95
2677 33.80
2678 35.40
2679 36.15
2680 35.90
2681 35.05
2682 34.45
2683 33.80
2684 32.85
2685 29.80
2686 23.15
2687 9.00
2688 6.35
2689 7.95
2690 6.60
2691 6.00
2692 5.90
2693 6.15
2694 6.20
2695 5.90
2696 6.20
2697 7.05
2698 11.00
2699 20.65
2700 27.95
2701 32.90
2702 36.85
2703 40.05
2704 41.70
2705 42.85
2706 43.30
2707 42.50
2708 39.95
2709 33.50
2710 19.55
2711 3.85
2712 0.55
2713 1.20
2714 7.75
2715 19.95
2716 21.80
2717 25.95
2718 31.65
2719 34.20
2720 30.20
2721 25.35
2722 23.10
2723 27.65
2724 28.40
2725 25.45
2726 25.60
2727 23.20
2728 14.55
2729 8.00
2730 8.10
2731 8.50
2732 7.95
2733 7.60
2734 6.65
2735 4.90
2736 3.50
2737 1.20
2738 0.00
2739 0.30
2740 3.85
2741 10.15
2742 17.75
2743 24.55
2744 30.25
2745 34.50
2746 34.35
2747 33.05
2748 36.20
2749 37.90
2750 37.50
2751 33.60
2752 29.50
2753 25.50
2754 22.35
2755 19.10
2756 17.00
2757 16.00
2758 14.95
2759 17.30
2760 24.70
2761 27.95
2762 31.30
2763 32.25
2764 29.90
2765 25.20
2766 19.40
2767 16.85
2768 17.05
2769 14.05
2770 5.25
2771 6.75
2772 8.30
2773 16.05
2774 8.40
2775 12.45
2776 21.30
2777 23.20
2778 19.85
2779 23.25
2780 25.40
2781 14.25
2782 7.35
2783 4.10
2784 5.55
2785 4.00
2786 1.50
2787 0.15
2788 0.00
2789 0.00
2790 0.00
2791 0.00
2792 0.00
2793 0.00
2794 0.25
2795 3.55
2796 11.70
2797 20.50
2798 23.80
2799 23.45
2800 22.85
2801 23.15
2802 26.30
2803 25.70
2804 23.90
2805 20.35
2806 15.10
2807 7.75
2808 4.25
2809 5.35
2810 1.85
2811 0.40
2812 0.40
2813 0.80
2814 2.25
2815 3.90
2816 4.50
2817 4.05
2818 3.95
2819 5.75
2820 7.20
2821 9.20
2822 12.10
2823 18.95
2824 26.25
2825 31.80
2826 34.60
2827 37.60
2828 40.20
2829 40.65
2830 38.05
2831 26.50
2832 19.00
2833 32.40
2834 38.45
2835 40.30
2836 41.30
2837 42.70
2838 44.20
2839 44.80
2840 44.20
2841 42.20
2842 38.65
2843 35.00
2844 32.85
2845 32.60
2846 33.20
2847 35.90
2848 38.75
2849 39.55
2850 38.95
2851 37.35
2852 35.35
2853 33.40
2854 27.20
2855 13.90
2856 16.90
2857 21.70
2858 20.65
2859 18.45
2860 16.25
2861 13.50
2862 10.05
2863 7.55
2864 6.55
2865 5.60
2866 3.95
2867 2.30
2868 1.25
2869 0.70
2870 0.65
2871 1.35
2872 3.55
2873 7.45
2874 13.30
2875 19.75
2876 23.60
2877 24.35
2878 21.90
2879 11.55
2880 11.30
2881 18.50
2882 13.90
2883 10.75
2884 8.10
2885 5.60
2886 3.60
2887 2.40
2888 1.60
2889 1.00
2890 0.85
2891 1.40
2892 3.05
2893 7.10
2894 13.35
2895 19.65
2896 23.30
2897 24.45
2898 25.35
2899 25.05
2900 23.20
2901 19.75
2902 15.35
2903 7.70
2904 7.80
2905 10.15
2906 9.60
2907 9.75
2908 10.15
2909 10.70
2910 11.15
2911 11.75
2912 12.60
2913 13.05
2914 13.75
2915 18.05
2916 19.20
2917 17.05
2918 15.40
2919 16.55
2920 21.60
2921 26.35
2922 30.95
2923 33.30
2924 31.50
2925 27.75
2926 23.55
2927 17.05
2928 13.80
2929 18.95
2930 20.70
2931 19.75
2932 18.45
2933 17.70
2934 16.70
2935 15.00
2936 13.05
2937 12.35
2938 17.05
2939 25.05
2940 28.90
2941 28.40
2942 26.60
2943 25.80
2944 26.80
2945 27.30
2946 25.30
2947 21.55
2948 15.70
2949 9.15
2950 4.60
2951 1.45
2952 0.40
2953 0.00
2954 0.00
2955 0.00
2956 0.05
2957 0.25
2958 1.05
2959 2.45
2960 4.55
2961 7.30
2962 16.60
2963 33.45
2964 42.30
2965 44.00
2966 44.40
2967 43.95
2968 43.25
2969 42.85
2970 41.50
2971 40.85
2972 40.30
2973 40.15
2974 41.00
2975 46.15
2976 45.95
2977 44.70
2978 42.90
2979 40.80
2980 38.10
2981 35.55
2982 34.60
2983 35.10
2984 36.20
2985 35.95
2986 33.20
2987 34.25
2988 38.00
2989 37.65
2990 35.05
2991 33.05
2992 31.15
2993 29.80
2994 28.55
2995 25.80
2996 22.80
2997 21.45
2998 17.75
2999 10.35
3000 7.20
3001 7.35
3002 4.75
3003 2.70
3004 1.50
3005 0.75
3006 0.30
3007 0.10
3008 0.30
3009 0.90
3010 2.10
3011 5.30
3012 9.35
3013 12.05
3014 13.30
3015 12.05
3016 9.00
3017 9.40
3018 7.30
3019 3.65
3020 1.75
3021 0.95
3022 0.75
3023 0.35
3024 0.50
3025 1.35
3026 2.35
3027 3.30
3028 4.20
3029 5.10
3030 5.75
3031 5.45
3032 4.80
3033 4.60
3034 5.45
3035 9.30
3036 15.00
3037 19.05
3038 20.75
3039 19.90
3040 16.05
3041 12.00
3042 8.45
3043 5.25
3044 3.20
3045 1.50
3046 0.35
3047 0.05
3048 0.05
3049 0.05
3050 0.10
3051 0.15
3052 0.30
3053 0.95
3054 3.00
3055 6.05
3056 7.60
3057 5.90
3058 2.20
3059 0.55
3060 0.15
3061 5.00
3062 24.25
3063 33.30
3064 33.95
3065 33.60
3066 32.45
3067 31.70
3068 29.15
3069 26.40
3070 19.40
3071 5.75
3072 1.05
3073 0.00
3074 0.45
3075 1.10
3076 1.55
3077 1.90
3078 2.45
3079 3.80
3080 5.75
3081 8.00
3082 11.55
3083 19.30
3084 26.50
3085 28.55
3086 29.30
3087 27.60
3088 22.45
3089 16.25
3090 12.25
3091 10.05
3092 9.30
3093 9.10
3094 7.10
3095 3.55
3096 4.20
3097 5.40
3098 8.60
3099 12.65
3100 15.55
3101 16.00
3102 14.45
3103 11.70
3104 9.30
3105 10.05
3106 9.90
3107 10.95
3108 10.25
3109 8.00
3110 7.50
3111 11.00
3112 16.75
3113 20.65
3114 23.50
3115 25.50
3116 26.60
3117 25.70
3118 20.35
3119 9.95
3120 10.35
3121 18.05
3122 22.80
3123 26.15
3124 26.35
3125 25.70
3126 25.65
3127 25.25
3128 25.55
3129 24.70
3130 17.55
3131 11.95
3132 15.45
3133 27.50
3134 29.15
3135 27.85
3136 27.95
3137 38.60
3138 44.95
3139 46.75
3140 48.90
3141 49.15
3142 48.40
3143 48.45
3144 48.45
3145 47.95
3146 48.00
3147 47.75
3148 46.75
3149 45.30
3150 44.05
3151 43.05
3152 41.95
3153 40.15
3154 35.60
3155 25.85
3156 16.25
3157 8.10
3158 4.25
3159 4.60
3160 7.15
3161 10.25
3162 13.05
3163 15.80
3164 17.55
3165 15.00
3166 10.65
3167 5.00
3168 6.30
3169 5.50
3170 6.65
3171 11.55
3172 18.45
3173 24.70
3174 28.40
3175 27.35
3176 23.10
3177 17.10
3178 8.95
3179 4.80
3180 3.05
3181 1.40
3182 0.40
3183 0.10
3184 0.05
3185 0.25
3186 0.15
3187 0.05
3188 0.15
3189 0.30
3190 1.00
3191 2.45
3192 3.30
3193 2.70
3194 3.10
3195 6.55
3196 13.00
3197 14.70
3198 10.05
3199 6.45
3200 4.75
3201 4.15
3202 8.80
3203 24.75
3204 38.40
3205 42.45
3206 42.45
3207 41.40
3208 40.00
3209 39.80
3210 39.40
3211 38.60
3212 40.65
3213 45.85
3214 48.15
3215 43.65
3216 43.20
3217 43.60
3218 42.30
3219 41.60
3220 41.80
3221 43.35
3222 44.15
3223 43.45
3224 41.45
3225 39.10
3226 32.95
3227 26.90
3228 23.60
3229 25.30
3230 30.90
3231 35.00
3232 36.25
3233 35.35
3234 33.80
3235 30.15
3236 24.20
3237 18.10
3238 14.70
3239 8.35
3240 4.50
3241 13.20
3242 16.70
3243 17.45
3244 16.90
3245 17.35
3246 20.20
3247 25.45
3248 30.90
3249 35.75
3250 39.70
3251 44.25
3252 46.30
3253 46.20
3254 45.45
3255 44.55
3256 43.30
3257 41.45
3258 40.40
3259 38.40
3260 37.70
3261 33.35
3262 27.25
3263 24.80
3264 25.05
3265 28.05
3266 26.90
3267 25.80
3268 25.75
3269 27.75
3270 31.55
3271 34.30
3272 35.15
3273 35.55
3274 35.50
3275 37.50
3276 42.35
3277 44.00
3278 44.70
3279 45.35
3280 43.50
3281 38.10
3282 30.50
3283 24.55
3284 22.20
3285 21.15
3286 13.60
3287 9.45
3288 19.55
3289 29.35
3290 32.95
3291 32.25
3292 33.00
3293 37.40
3294 40.85
3295 42.85
3296 45.85
3297 48.80
3298 49.30
3299 48.90
3300 47.10
3301 40.55
3302 40.45
3303 42.85
3304 45.05
3305 45.80
3306 45.05
3307 47.45
3308 47.70
3309 48.05
3310 48.55
3311 49.55
3312 49.55
3313 49.55
3314 49.55
3315 49.50
3316 49.45
3317 49.50
3318 49.50
3319 49.55
3320 49.50
3321 48.60
3322 45.55
3323 37.85
3324 31.70
3325 29.25
3326 29.40
3327 30.90
3328 32.10
3329 33.90
3330 36.20
3331 38.60
3332 40.05
3333 39.55
3334 31.90
3335 15.85
3336 25.30
3337 25.95
3338 25.80
3339 27.75
3340 28.65
3341 28.75
3342 29.75
3343 31.30
3344 32.10
3345 31.05
3346 26.20
3347 21.60
3348 21.25
3349 22.05
3350 24.40
3351 27.60
3352 31.70
3353 35.75
3354 38.90
3355 40.60
3356 41.70
3357 40.30
3358 34.80
3359 20.05
3360 15.45
3361 24.05
3362 19.55
3363 20.45
3364 22.85
3365 25.50
3366 28.40
3367 30.55
3368 31.35
3369 29.75
3370 24.90
3371 24.70
3372 29.70
3373 33.70
3374 35.25
3375 35.75
3376 36.00
3377 36.25
3378 37.35
3379 39.15
3380 40.80
3381 40.65
3382 37.15
3383 21.50
3384 8.45
3385 14.55
3386 12.55
3387 11.90
3388 12.45
3389 12.70
3390 12.35
3391 11.25
3392 9.70
3393 8.10
3394 7.20
3395 8.95
3396 12.60
3397 17.80
3398 23.80
3399 29.55
3400 33.40
3401 35.30
3402 37.55
3403 39.40
3404 39.55
3405 36.95
3406 29.95
3407 13.20
3408 4.60
3409 12.25
3410 21.25
3411 29.15
3412 35.30
3413 39.10
3414 40.10
3415 38.45
3416 34.75
3417 28.15
3418 20.75
3419 22.95
3420 31.30
3421 37.65
3422 40.05
3423 39.50
3424 34.60
3425 30.15
3426 27.50
3427 25.00
3428 21.35
3429 18.35
3430 13.20
3431 6.20
3432 10.10
3433 11.55
3434 11.65
3435 11.15
3436 9.60
3437 7.20
3438 4.75
3439 3.35
3440 2.75
3441 2.90
3442 4.40
3443 12.60
3444 26.00
3445 33.40
3446 35.00
3447 34.50
3448 34.75
3449 35.00
3450 33.95
3451 32.25
3452 31.65
3453 30.60
3454 21.00
3455 6.25
3456 2.80
3457 2.80
3458 2.15
3459 2.65
3460 3.35
3461 4.75
3462 8.45
3463 18.20
3464 35.30
3465 46.50
3466 47.75
3467 45.70
3468 44.55
3469 42.25
3470 41.15
3471 36.40
3472 32.10
3473 29.30
3474 19.75
3475 9.95
3476 7.25
3477 13.35
3478 21.25
3479 39.00
3480 47.95
3481 49.25
3482 49.45
3483 49.45
3484 49.35
3485 49.40
3486 49.50
3487 49.55
3488 49.50
3489 49.45
3490 49.50
3491 49.55
3492 48.45
3493 44.90
3494 40.60
3495 40.70
3496 41.20
3497 40.40
3498 39.45
3499 37.85
3500 35.10
3501 29.00
3502 15.65
3503 13.05
3504 19.45
3505 11.15
3506 5.30
3507 2.90
3508 1.85
3509 1.10
3510 0.55
3511 0.30
3512 0.25
3513 0.10
3514 0.00
3515 0.00
3516 0.00
3517 0.05
3518 0.20
3519 0.40
3520 0.85
3521 1.15
3522 1.50
3523 1.70
3524 1.65
3525 1.25
3526 0.65
3527 0.05
3528 0.00
3529 0.00
3530 0.00
3531 0.00
3532 0.00
3533 0.00
3534 0.00
3535 0.00
3536 0.00
3537 0.05
3538 0.05
3539 0.30
3540 2.95
3541 10.05
3542 19.30
3543 25.65
3544 27.80
3545 25.15
3546 24.25
3547 21.90
3548 17.40
3549 12.65
3550 8.15
3551 1.40
3552 0.00
3553 0.00
3554 0.00
3555 0.00
3556 0.00
3557 0.00
3558 0.00
3559 0.00
3560 0.00
3561 0.05
3562 0.50
3563 2.10
3564 7.35
3565 17.75
3566 27.10
3567 32.00
3568 36.75
3569 40.00
3570 40.70
3571 40.50
3572 39.60
3573 36.10
3574 24.70
3575 15.00
3576 22.15
3577 32.20
3578 38.55
3579 40.45
3580 40.45
3581 40.30
3582 40.00
3583 38.50
3584 35.55
3585 31.10
3586 26.05
3587 22.10
3588 24.05
3589 25.50
3590 25.00
3591 24.25
3592 23.35
3593 20.50
3594 15.15
3595 11.30
3596 9.05
3597 7.00
3598 3.85
3599 1.05
3600 0.65
3601 0.10
3602 0.10
3603 0.30
3604 1.55
3605 3.60
3606 5.30
3607 7.15
3608 9.60
3609 12.95
3610 20.35
3611 20.35
3612 13.20
3613 10.15
3614 10.25
3615 9.15
3616 8.75
3617 10.40
3618 13.35
3619 16.00
3620 19.20
3621 21.20
3622 14.55
3623 7.55
3624 15.00
3625 15.45
3626 16.85
3627 20.75
3628 25.50
3629 29.10
3630 30.25
3631 29.50
3632 28.55
3633 27.80
3634 25.15
3635 24.35
3636 32.20
3637 37.60
3638 39.20
3639 38.70
3640 38.15
3641 36.70
3642 35.85
3643 37.90
3644 40.65
3645 41.05
3646 35.60
3647 23.60
3648 26.50
3649 36.05
3650 35.65
3651 36.70
3652 38.15
3653 38.85
3654 39.30
3655 40.00
3656 40.30
3657 39.50
3658 38.95
3659 38.55
3660 40.45
3661 37.10
3662 29.95
3663 21.45
3664 13.70
3665 7.80
3666 3.75
3667 1.45
3668 0.45
3669 0.20
3670 0.20
3671 0.25
3672 0.75
3673 6.80
3674 13.25
3675 17.40
3676 19.30
3677 19.00
3678 17.15
3679 15.55
3680 14.70
3681 14.75
3682 13.20
3683 11.65
3684 15.80
3685 24.75
3686 29.05
3687 29.65
3688 32.30
3689 29.55
3690 23.75
3691 19.15
3692 17.00
3693 15.25
3694 11.85
3695 4.70
3696 7.40
3697 7.60
3698 7.40
3699 6.35
3700 4.60
3701 3.65
3702 3.40
3703 4.20
3704 6.65
3705 12.00
3706 19.90
3707 29.95
3708 37.00
3709 39.60
3710 38.90
3711 41.45
3712 42.10
3713 41.90
3714 35.55
3715 36.40
3716 37.55
3717 32.10
3718 22.20
3719 17.50
3720 23.95
3721 15.55
3722 7.15
3723 3.10
3724 1.60
3725 2.85
3726 5.05
3727 6.10
3728 7.75
3729 9.45
3730 11.45
3731 22.10
3732 33.60
3733 34.60
3734 31.75
3735 27.80
3736 23.20
3737 19.70
3738 17.20
3739 15.75
3740 15.80
3741 16.00
3742 10.20
3743 7.00
3744 7.75
3745 7.75
3746 8.35
3747 9.10
3748 10.40
3749 12.50
3750 14.25
3751 15.65
3752 17.25
3753 19.05
3754 18.90
3755 16.30
3756 25.05
3757 37.15
3758 39.50
3759 39.45
3760 39.50
3761 37.40
3762 31.20
3763 24.05
3764 16.40
3765 9.05
3766 2.95
3767 0.45
3768 0.15
3769 0.05
3770 0.10
3771 0.55
3772 0.10
3773 0.50
3774 1.50
3775 0.05
3776 0.10
3777 0.00
3778 0.35
3779 5.75
3780 13.95
3781 17.90
3782 20.50
3783 22.40
3784 25.10
3785 28.00
3786 28.90
3787 28.60
3788 28.30
3789 28.30
3790 20.50
3791 12.85
3792 27.65
3793 29.00
3794 32.25
3795 37.00
3796 40.70
3797 42.90
3798 43.75
3799 43.35
3800 41.55
3801 37.20
3802 31.80
3803 32.80
3804 40.70
3805 42.45
3806 40.35
3807 36.30
3808 32.25
3809 28.25
3810 23.70
3811 20.35
3812 18.95
3813 18.05
3814 11.55
3815 9.85
3816 8.30
3817 5.75
3818 5.65
3819 5.70
3820 4.65
3821 3.50
3822 2.35
3823 1.45
3824 0.85
3825 0.60
3826 0.85
3827 2.90
3828 7.20
3829 10.10
3830 10.05
3831 8.40
3832 6.80
3833 5.85
3834 6.05
3835 6.75
3836 7.45
3837 8.10
3838 6.20
3839 2.85
3840 3.05
3841 3.20
3842 2.95
3843 1.85
3844 0.55
3845 0.00
3846 0.00
3847 0.00
3848 0.00
3849 0.00
3850 0.55
3851 3.40
3852 5.60
3853 5.60
3854 6.70
3855 9.65
3856 14.45
3857 17.60
3858 18.20
3859 16.55
3860 15.45
3861 13.50
3862 8.85
3863 9.75
3864 19.75
3865 18.20
3866 16.85
3867 15.75
3868 17.10
3869 22.05
3870 27.95
3871 32.30
3872 35.70
3873 40.25
3874 42.25
3875 41.00
3876 38.30
3877 26.15
3878 11.50
3879 7.20
3880 5.40
3881 13.10
3882 18.80
3883 16.80
3884 13.70
3885 9.25
3886 3.85
3887 0.70
3888 0.20
3889 0.05
3890 0.85
3891 6.00
3892 13.55
3893 19.05
3894 18.35
3895 14.60
3896 10.65
3897 5.65
3898 1.75
3899 0.55
3900 1.00
3901 2.15
3902 3.00
3903 3.55
3904 3.15
3905 2.55
3906 2.70
3907 2.90
3908 0.95
3909 0.25
3910 0.05
3911 0.00
3912 0.05
3913 0.25
3914 0.40
3915 0.35
3916 0.30
3917 0.15
3918 0.05
3919 0.00
3920 0.05
3921 0.05
3922 0.10
3923 0.40
3924 2.65
3925 6.35
3926 9.10
3927 9.90
3928 9.35
3929 6.90
3930 4.75
3931 2.95
3932 1.50
3933 0.65
3934 0.15
3935 0.10
3936 1.60
3937 3.45
3938 3.85
3939 3.75
3940 5.25
3941 6.10
3942 5.50
3943 4.85
3944 4.55
3945 4.45
3946 4.20
3947 5.05
3948 7.25
3949 8.55
3950 8.40
3951 7.30
3952 6.25
3953 6.10
3954 7.00
3955 8.80
3956 10.35
3957 9.60
3958 6.75
3959 4.65
3960 5.75
3961 5.95
3962 6.05
3963 7.00
3964 8.60
3965 9.30
3966 9.20
3967 8.50
3968 8.35
3969 9.30
3970 11.35
3971 15.35
3972 16.50
3973 12.25
3974 7.10
3975 5.10
3976 6.40
3977 11.30
3978 16.15
3979 19.40
3980 20.60
3981 17.50
3982 7.75
3983 2.90
3984 1.80
3985 0.70
3986 0.40
3987 0.90
3988 2.15
3989 3.40
3990 4.30
3991 4.55
3992 4.70
3993 5.95
3994 8.90
3995 17.65
3996 34.50
3997 41.10
3998 42.10
3999 40.60
4000 38.55
4001 36.10
4002 33.15
4003 30.50
4004 26.25
4005 24.70
4006 20.65
4007 20.00
4008 29.20
4009 28.90
4010 25.65
4011 21.75
4012 17.95
4013 14.65
4014 12.95
4015 10.80
4016 8.00
4017 4.55
4018 1.80
4019 3.90
4020 17.15
4021 32.75
4022 38.15
4023 38.20
4024 37.40
4025 35.70
4026 34.60
4027 34.55
4028 34.25
4029 32.20
4030 21.80
4031 13.05
4032 14.60
4033 9.90
4034 4.40
4035 1.50
4036 0.85
4037 0.40
4038 0.15
4039 0.10
4040 0.10
4041 0.10
4042 0.25
4043 1.55
4044 4.25
4045 6.65
4046 8.30
4047 7.30
4048 5.30
4049 3.80
4050 4.35
4051 5.95
4052 7.50
4053 6.85
4054 4.00
4055 1.95
4056 0.50
4057 0.00
4058 0.00
4059 0.00
4060 0.00
4061 0.05
4062 0.10
4063 0.10
4064 0.10
4065 0.20
4066 0.50
4067 1.25
4068 1.75
4069 1.45
4070 1.75
4071 3.05
4072 5.30
4073 8.05
4074 11.00
4075 11.15
4076 11.15
4077 11.25
4078 7.75
4079 6.70
4080 4.65
4081 4.00
4082 6.00
4083 10.90
4084 15.75
4085 17.50
4086 15.25
4087 11.15
4088 7.15
4089 4.45
4090 3.60
4091 5.25
4092 8.45
4093 10.05
4094 11.05
4095 10.65
4096 9.20
4097 7.20
4098 4.30
4099 3.05
4100 3.10
4101 2.40
4102 0.40
4103 0.00
4104 0.70
4105 5.75
4106 13.50
4107 18.45
4108 21.75
4109 22.10
4110 21.85
4111 20.65
4112 17.30
4113 12.95
4114 11.35
4115 14.55
4116 20.75
4117 21.50
4118 18.10
4119 12.55
4120 7.85
4121 4.65
4122 2.75
4123 1.40
4124 0.35
4125 0.05
4126 0.10
4127 3.90
4128 7.90
4129 10.45
4130 12.15
4131 11.10
4132 9.60
4133 8.40
4134 7.40
4135 7.90
4136 9.35
4137 10.45
4138 8.95
4139 4.90
4140 3.85
4141 4.50
4142 4.45
4143 3.65
4144 3.40
4145 3.10
4146 3.75
4147 5.00
4148 7.95
4149 11.45
4150 11.25
4151 15.55
4152 24.45
4153 31.75
4154 36.90
4155 39.95
4156 41.15
4157 41.80
4158 41.45
4159 39.75
4160 36.80
4161 33.50
4162 32.90
4163 34.90
4164 37.40
4165 35.30
4166 33.45
4167 32.45
4168 32.55
4169 31.20
4170 29.75
4171 28.30
4172 25.80
4173 20.40
4174 12.10
4175 19.00
4176 23.25
4177 25.95
4178 29.05
4179 34.10
4180 37.60
4181 38.30
4182 37.55
4183 35.90
4184 33.15
4185 29.15
4186 28.05
4187 29.00
4188 30.10
4189 32.90
4190 31.75
4191 28.30
4192 26.90
4193 27.40
4194 22.85
4195 18.95
4196 16.45
4197 13.70
4198 11.25
4199 11.95
4200 9.95
4201 7.10
4202 5.25
4203 3.40
4204 1.85
4205 0.95
4206 0.45
4207 0.30
4208 0.50
4209 1.25
4210 2.05
4211 4.15
4212 11.50
4213 19.00
4214 21.85
4215 21.60
4216 21.80
4217 15.70
4218 14.10
4219 14.80
4220 11.55
4221 7.60
4222 4.05
4223 2.10
4224 1.90
4225 0.95
4226 0.45
4227 0.20
4228 0.10
4229 0.05
4230 0.00
4231 0.00
4232 0.00
4233 0.00
4234 0.00
4235 0.00
4236 0.00
4237 0.00
4238 0.00
4239 0.00
4240 0.00
4241 0.00
4242 0.00
4243 0.00
4244 0.05
4245 0.10
4246 0.35
4247 1.05
4248 1.60
4249 2.45
4250 4.20
4251 6.90
4252 10.60
4253 17.05
4254 22.90
4255 25.50
4256 24.05
4257 16.85
4258 8.35
4259 2.70
4260 0.85
4261 1.05
4262 3.75
4263 9.35
4264 17.60
4265 23.95
4266 27.00
4267 28.35
4268 28.70
4269 26.85
4270 20.20
4271 15.05
4272 14.70
4273 18.95
4274 20.15
4275 21.90
4276 24.60
4277 28.05
4278 31.65
4279 34.85
4280 36.50
4281 36.85
4282 34.10
4283 33.35
4284 36.85
4285 37.40
4286 35.65
4287 35.15
4288 36.85
4289 39.20
4290 40.60
4291 37.70
4292 32.35
4293 27.95
4294 20.35
4295 32.80
4296 36.30
4297 37.30
4298 38.15
4299 37.90
4300 36.10
4301 33.75
4302 32.30
4303 31.15
4304 29.40
4305 27.30
4306 25.70
4307 21.80
4308 21.25
4309 21.40
4310 20.10
4311 18.00
4312 13.95
4313 9.25
4314 5.90
4315 3.90
4316 2.80
4317 1.50
4318 0.40
4319 0.15
4320 1.55
4321 2.90
4322 3.60
4323 4.30
4324 5.15
4325 5.40
4326 4.55
4327 2.90
4328 1.35
4329 0.45
4330 0.05
4331 0.00
4332 0.05
4333 2.50
4334 8.95
4335 15.95
4336 21.05
4337 23.65
4338 24.05
4339 23.80
4340 23.55
4341 21.10
4342 11.40
4343 4.65
4344 6.20
4345 4.70
4346 3.45
4347 3.40
4348 4.10
4349 4.60
4350 4.75
4351 4.75
4352 3.80
4353 2.50
4354 1.50
4355 3.55
4356 9.75
4357 15.40
4358 18.10
4359 17.15
4360 12.60
4361 6.50
4362 2.30
4363 0.50
4364 0.05
4365 0.00
4366 0.00
4367 0.00
4368 0.05
4369 1.05
4370 2.00
4371 1.75
4372 1.10
4373 0.70
4374 0.65
4375 0.70
4376 0.75
4377 0.95
4378 1.65
4379 5.05
4380 13.05
4381 20.75
4382 24.75
4383 24.25
4384 21.75
4385 18.70
4386 15.35
4387 12.55
4388 11.20
4389 10.55
4390 6.25
4391 3.85
4392 2.35
4393 0.25
4394 0.00
4395 0.00
4396 0.10
4397 0.20
4398 0.15
4399 0.15
4400 0.15
4401 0.25
4402 0.70
4403 4.75
4404 13.50
4405 18.95
4406 19.70
4407 19.10
4408 19.95
4409 21.00
4410 22.20
4411 22.40
4412 21.60
4413 20.85
4414 15.65
4415 9.60
4416 13.90
4417 15.15
4418 14.85
4419 15.30
4420 16.40
4421 17.00
4422 16.90
4423 17.65
4424 20.70
4425 24.40
4426 25.05
4427 24.70
4428 34.90
4429 41.00
4430 42.30
4431 43.85
4432 44.50
4433 44.30
4434 43.70
4435 42.35
4436 39.80
4437 36.55
4438 32.75
4439 38.65
4440 44.10
4441 45.80
4442 46.05
4443 46.00
4444 45.70
4445 45.65
4446 46.10
4447 47.40
4448 48.65
4449 49.05
4450 48.95
4451 48.30
4452 46.40
4453 43.25
4454 39.70
4455 35.50
4456 32.80
4457 30.50
4458 31.35
4459 31.30
4460 31.20
4461 29.00
4462 17.30
4463 23.40
4464 31.25
4465 27.65
4466 20.50
4467 12.80
4468 6.80
4469 3.40
4470 1.65
4471 1.25
4472 1.90
4473 3.80
4474 6.05
4475 7.60
4476 8.35
4477 7.75
4478 6.95
4479 8.85
4480 12.95
4481 16.85
4482 19.00
4483 20.20
4484 19.70
4485 18.15
4486 10.45
4487 8.40
4488 11.30
4489 11.75
4490 13.20
4491 12.55
4492 10.05
4493 8.80
4494 8.45
4495 7.95
4496 7.25
4497 5.95
4498 4.75
4499 5.05
4500 6.90
4501 10.70
4502 15.20
4503 22.10
4504 29.60
4505 31.95
4506 29.15
4507 25.05
4508 22.40
4509 19.90
4510 17.20
4511 26.90
4512 23.80
4513 16.15
4514 9.30
4515 6.10
4516 5.55
4517 5.55
4518 7.35
4519 8.05
4520 6.10
4521 4.30
4522 4.45
4523 9.60
4524 21.10
4525 28.65
4526 31.80
4527 32.25
4528 30.45
4529 26.90
4530 22.85
4531 21.25
4532 20.00
4533 18.20
4534 12.90
4535 10.85
4536 8.40
4537 5.75
4538 3.80
4539 2.25
4540 1.45
4541 1.40
4542 1.90
4543 2.90
4544 4.20
4545 5.95
4546 7.10
4547 6.15
4548 5.15
4549 4.75
4550 5.60
4551 7.10
4552 8.50
4553 9.25
4554 9.05
4555 8.25
4556 6.65
4557 4.85
4558 1.90
4559 0.75
4560 0.85
4561 0.80
4562 0.80
4563 0.70
4564 0.55
4565 0.50
4566 0.60
4567 0.85
4568 1.20
4569 1.90
4570 3.10
4571 5.50
4572 8.95
4573 10.50
4574 10.20
4575 9.40
4576 8.50
4577 7.80
4578 7.35
4579 6.80
4580 6.15
4581 5.05
4582 2.25
4583 0.60
4584 0.05
4585 0.05
4586 0.05
4587 0.15
4588 0.25
4589 0.30
4590 0.45
4591 0.70
4592 1.05
4593 1.30
4594 1.70
4595 3.95
4596 9.35
4597 11.80
4598 11.55
4599 11.00
4600 10.75
4601 9.75
4602 7.70
4603 4.80
4604 2.00
4605 0.50
4606 0.05
4607 0.00
4608 0.60
4609 1.40
4610 1.15
4611 0.60
4612 0.25
4613 0.15
4614 0.30
4615 0.70
4616 1.25
4617 1.50
4618 1.35
4619 1.30
4620 1.60
4621 2.40
4622 3.40
4623 3.55
4624 2.65
4625 1.60
4626 0.85
4627 0.45
4628 0.25
4629 0.20
4630 0.20
4631 0.05
4632 0.00
4633 0.00
4634 0.05
4635 0.05
4636 0.05
4637 0.10
4638 0.25
4639 0.40
4640 0.65
4641 1.05
4642 1.55
4643 2.75
4644 4.00
4645 3.95
4646 2.95
4647 1.95
4648 1.20
4649 0.80
4650 0.70
4651 0.75
4652 1.10
4653 2.20
4654 2.45
4655 1.40
4656 0.70
4657 0.40
4658 0.30
4659 0.35
4660 0.50
4661 0.45
4662 0.40
4663 0.40
4664 0.55
4665 0.70
4666 1.20
4667 2.95
4668 5.75
4669 8.00
4670 10.10
4671 12.05
4672 11.80
4673 11.05
4674 10.30
4675 9.15
4676 7.85
4677 5.20
4678 1.45
4679 0.05
4680 0.00
4681 0.25
4682 1.15
4683 2.10
4684 2.70
4685 2.30
4686 2.45
4687 3.10
4688 3.70
4689 4.10
4690 3.10
4691 1.10
4692 0.35
4693 0.20
4694 0.30
4695 0.45
4696 0.80
4697 1.10
4698 0.95
4699 0.90
4700 1.20
4701 1.00
4702 1.05
4703 2.50
4704 6.85
4705 16.55
4706 27.10
4707 31.75
4708 31.50
4709 28.80
4710 25.05
4711 21.00
4712 18.10
4713 16.40
4714 16.60
4715 15.00
4716 14.95
4717 13.60
4718 12.50
4719 12.60
4720 14.45
4721 17.15
4722 18.10
4723 17.90
4724 15.10
4725 10.05
4726 6.95
4727 10.00
4728 7.00
4729 3.25
4730 1.50
4731 0.60
4732 0.20
4733 0.05
4734 0.00
4735 0.00
4736 0.05
4737 0.60
4738 2.55
4739 7.55
4740 13.85
4741 16.85
4742 17.20
4743 16.70
4744 15.20
4745 12.55
4746 9.70
4747 6.15
4748 3.90
4749 2.75
4750 1.25
4751 2.90
4752 5.55
4753 5.90
4754 5.75
4755 6.20
4756 6.55
4757 6.10
4758 5.20
4759 4.75
4760 5.25
4761 6.25
4762 6.55
4763 6.10
4764 6.75
4765 7.10
4766 6.70
4767 6.60
4768 6.25
4769 5.20
4770 4.40
4771 5.10
4772 8.15
4773 8.10
4774 5.45
4775 7.75
4776 10.35
4777 12.10
4778 13.70
4779 15.30
4780 17.15
4781 18.15
4782 18.35
4783 16.00
4784 11.15
4785 6.65
4786 3.05
4787 0.90
4788 1.65
4789 6.70
4790 14.70
4791 19.35
4792 20.65
4793 20.40
4794 17.45
4795 15.10
4796 13.30
4797 10.35
4798 4.30
4799 0.50
4800 0.00
4801 0.00
4802 0.00
4803 0.00
4804 0.05
4805 0.10
4806 0.10
4807 0.05
4808 0.05
4809 0.05
4810 0.15
4811 2.10
4812 10.20
4813 19.75
4814 26.25
4815 27.80
4816 27.55
4817 26.75
4818 23.05
4819 20.45
4820 18.00
4821 13.55
4822 6.65
4823 2.20
4824 4.75
4825 6.50
4826 7.75
4827 8.65
4828 8.95
4829 9.15
4830 9.35
4831 8.25
4832 5.05
4833 2.20
4834 1.05
4835 0.90
4836 1.10
4837 1.30
4838 1.85
4839 1.85
4840 4.95
4841 7.75
4842 7.95
4843 14.05
4844 21.85
4845 23.95
4846 20.80
4847 19.50
4848 22.05
4849 14.80
4850 15.10
4851 18.70
4852 29.15
4853 38.50
4854 41.35
4855 40.70
4856 38.15
4857 32.20
4858 20.65
4859 8.35
4860 2.30
4861 0.15
4862 0.05
4863 1.35
4864 5.05
4865 9.20
4866 13.35
4867 15.45
4868 14.55
4869 12.00
4870 8.15
4871 3.40
4872 2.35
4873 6.05
4874 10.50
4875 13.70
4876 15.55
4877 16.95
4878 17.75
4879 17.65
4880 16.50
4881 14.70
4882 13.90
4883 17.45
4884 21.90
4885 20.35
4886 18.50
4887 21.25
4888 23.95
4889 27.85
4890 30.50
4891 29.20
4892 25.95
4893 23.50
4894 16.40
4895 6.15
4896 6.55
4897 4.50
4898 2.90
4899 2.65
4900 2.55
4901 2.05
4902 1.80
4903 2.40
4904 3.20
4905 3.30
4906 3.90
4907 6.95
4908 11.55
4909 16.40
4910 21.55
4911 27.45
4912 31.85
4913 33.15
4914 32.75
4915 32.20
4916 32.50
4917 29.70
4918 21.60
4919 9.35
4920 15.55
4921 15.95
4922 11.00
4923 9.80
4924 10.50
4925 10.90
4926 10.45
4927 9.75
4928 9.20
4929 7.90
4930 7.60
4931 17.60
4932 34.10
4933 39.75
4934 40.45
4935 39.30
4936 37.00
4937 36.10
4938 33.90
4939 32.85
4940 31.25
4941 27.90
4942 17.90
4943 10.90
4944 30.30
4945 30.80
4946 28.75
4947 28.95
4948 30.65
4949 32.70
4950 34.65
4951 36.10
4952 37.15
4953 37.15
4954 36.15
4955 34.15
4956 36.10
4957 37.00
4958 37.30
4959 36.85
4960 37.75
4961 37.50
4962 35.25
4963 34.60
4964 36.10
4965 36.95
4966 30.30
4967 29.30
4968 31.90
4969 27.20
4970 18.80
4971 12.45
4972 7.75
4973 4.65
4974 2.65
4975 1.40
4976 0.60
4977 0.10
4978 0.00
4979 0.00
4980 0.10
4981 0.20
4982 0.20
4983 0.10
4984 0.05
4985 0.00
4986 0.10
4987 0.60
4988 1.35
4989 1.75
4990 2.00
4991 0.50
4992 0.40
4993 2.40
4994 2.65
4995 3.10
4996 4.60
4997 5.00
4998 4.15
4999 4.10
5000 7.50
5001 10.70
5002 8.20
5003 2.45
5004 8.35
5005 15.60
5006 19.30
5007 20.70
5008 23.95
5009 29.45
5010 29.15
5011 20.05
5012 17.85
5013 14.35
5014 5.65
5015 2.10
5016 0.70
5017 0.40
5018 0.40
5019 1.00
5020 0.65
5021 0.55
5022 0.60
5023 0.95
5024 2.25
5025 5.75
5026 8.95
5027 8.85
5028 7.40
5029 3.70
5030 0.60
5031 0.05
5032 1.30
5033 4.20
5034 6.35
5035 10.25
5036 17.15
5037 21.00
5038 17.65
5039 7.20
5040 5.35
5041 20.35
5042 24.55
5043 26.75
5044 28.70
5045 31.05
5046 32.85
5047 32.65
5048 30.60
5049 24.65
5050 13.00
5051 6.75
5052 5.90
5053 7.60
5054 8.85
5055 7.75
5056 6.10
5057 5.65
5058 6.40
5059 7.75
5060 8.90
5061 9.35
5062 7.70
5063 3.20
5064 2.90
5065 1.65
5066 0.55
5067 0.30
5068 0.30
5069 0.40
5070 0.45
5071 0.45
5072 0.40
5073 0.55
5074 1.20
5075 5.60
5076 11.00
5077 12.55
5078 11.55
5079 10.45
5080 10.05
5081 9.65
5082 8.60
5083 7.25
5084 6.65
5085 6.10
5086 5.20
5087 2.25
5088 1.90
5089 1.80
5090 1.75
5091 2.25
5092 3.20
5093 4.55
5094 6.35
5095 8.30
5096 9.65
5097 9.70
5098 9.15
5099 11.25
5100 18.60
5101 26.50
5102 30.90
5103 29.60
5104 27.50
5105 26.15
5106 23.05
5107 18.05
5108 11.80
5109 7.00
5110 2.70
5111 1.35
5112 0.85
5113 1.25
5114 2.30
5115 3.10
5116 3.45
5117 3.80
5118 4.15
5119 3.95
5120 3.60
5121 2.75
5122 1.75
5123 1.55
5124 1.15
5125 0.50
5126 0.15
5127 0.05
5128 0.60
5129 3.10
5130 6.35
5131 6.70
5132 4.40
5133 1.10
5134 0.00
5135 0.00
5136 0.00
5137 0.70
5138 4.30
5139 8.55
5140 11.40
5141 12.40
5142 12.70
5143 11.35
5144 11.80
5145 10.90
5146 5.85
5147 3.90
5148 5.15
5149 6.15
5150 7.20
5151 7.80
5152 9.00
5153 11.60
5154 16.60
5155 20.65
5156 15.25
5157 12.95
5158 12.25
5159 12.00
5160 11.60
5161 10.05
5162 7.40
5163 4.95
5164 3.30
5165 2.40
5166 2.05
5167 1.70
5168 1.15
5169 0.55
5170 0.05
5171 0.00
5172 0.30
5173 3.50
5174 8.50
5175 14.15
5176 19.70
5177 21.90
5178 21.60
5179 21.70
5180 22.45
5181 20.80
5182 13.05
5183 5.65
5184 10.55
5185 7.35
5186 5.20
5187 4.85
5188 5.30
5189 5.90
5190 6.65
5191 6.75
5192 6.50
5193 5.60
5194 6.35
5195 11.60
5196 18.80
5197 22.70
5198 23.60
5199 25.15
5200 26.75
5201 25.95
5202 22.15
5203 20.20
5204 19.15
5205 17.15
5206 10.65
5207 4.40
5208 6.70
5209 7.30
5210 6.80
5211 5.35
5212 3.85
5213 2.90
5214 2.20
5215 1.25
5216 0.55
5217 0.45
5218 0.95
5219 4.25
5220 10.40
5221 16.20
5222 19.50
5223 20.10
5224 18.70
5225 15.45
5226 11.55
5227 8.40
5228 6.35
5229 3.65
5230 0.70
5231 0.05
5232 0.20
5233 0.55
5234 1.20
5235 1.70
5236 1.80
5237 1.75
5238 1.60
5239 1.30
5240 0.80
5241 0.40
5242 0.25
5243 1.15
5244 3.65
5245 6.85
5246 9.30
5247 10.65
5248 11.05
5249 9.45
5250 7.60
5251 5.25
5252 3.65
5253 3.25
5254 3.40
5255 2.75
5256 4.40
5257 5.75
5258 6.15
5259 6.45
5260 7.90
5261 11.25
5262 15.40
5263 17.10
5264 17.65
5265 17.00
5266 12.05
5267 10.95
5268 11.60
5269 11.65
5270 11.65
5271 10.95
5272 8.35
5273 6.55
5274 5.60
5275 5.95
5276 6.30
5277 7.70
5278 6.60
5279 7.00
5280 8.45
5281 5.15
5282 3.00
5283 2.85
5284 3.80
5285 5.55
5286 7.50
5287 7.45
5288 5.85
5289 3.70
5290 1.15
5291 0.30
5292 1.85
5293 5.15
5294 9.00
5295 6.05
5296 1.10
5297 0.05
5298 0.00
5299 0.05
5300 0.05
5301 0.05
5302 0.10
5303 0.10
5304 1.25
5305 2.65
5306 3.05
5307 2.90
5308 3.20
5309 4.75
5310 7.45
5311 11.05
5312 15.00
5313 17.60
5314 19.30
5315 19.30
5316 18.55
5317 16.90
5318 16.25
5319 17.60
5320 19.50
5321 19.55
5322 18.80
5323 18.25
5324 17.90
5325 17.25
5326 12.65
5327 13.60
5328 15.55
5329 17.30
5330 19.30
5331 20.80
5332 21.30
5333 21.60
5334 21.60
5335 22.20
5336 23.85
5337 25.10
5338 24.40
5339 21.45
5340 22.25
5341 23.90
5342 24.30
5343 23.20
5344 20.20
5345 18.30
5346 18.80
5347 20.05
5348 20.60
5349 20.20
5350 14.65
5351 9.95
5352 14.00
5353 14.40
5354 15.25
5355 14.80
5356 13.25
5357 12.10
5358 11.80
5359 12.55
5360 13.20
5361 13.70
5362 12.55
5363 11.65
5364 12.30
5365 12.95
5366 13.85
5367 13.90
5368 13.15
5369 12.30
5370 11.50
5371 10.30
5372 9.05
5373 7.90
5374 6.15
5375 3.35
5376 7.65
5377 13.70
5378 18.20
5379 20.50
5380 20.20
5381 18.90
5382 18.35
5383 17.80
5384 15.65
5385 11.65
5386 7.00
5387 4.90
5388 2.90
5389 0.95
5390 0.50
5391 1.15
5392 2.30
5393 3.15
5394 3.40
5395 3.65
5396 4.20
5397 4.65
5398 4.20
5399 1.20
5400 0.10
5401 0.10
5402 0.10
5403 0.10
5404 0.10
5405 0.10
5406 0.15
5407 0.15
5408 0.05
5409 0.00
5410 0.00
5411 0.00
5412 1.45
5413 5.20
5414 9.35
5415 15.05
5416 22.25
5417 27.80
5418 30.55
5419 31.80
5420 32.60
5421 31.55
5422 25.65
5423 13.35
5424 9.75
5425 12.95
5426 11.75
5427 11.00
5428 11.35
5429 13.25
5430 17.30
5431 23.55
5432 30.05
5433 36.25
5434 44.45
5435 47.75
5436 46.75
5437 45.05
5438 41.00
5439 36.35
5440 31.95
5441 28.55
5442 25.80
5443 22.05
5444 18.10
5445 13.30
5446 11.35
5447 16.20
5448 16.70
5449 14.25
5450 12.25
5451 12.65
5452 14.45
5453 15.00
5454 15.50
5455 15.80
5456 16.70
5457 16.00
5458 13.50
5459 11.20
5460 10.55
5461 10.60
5462 11.00
5463 11.00
5464 9.30
5465 6.85
5466 4.20
5467 1.95
5468 0.65
5469 0.25
5470 0.10
5471 0.00
5472 0.05
5473 0.60
5474 0.70
5475 0.45
5476 0.25
5477 0.25
5478 0.35
5479 0.45
5480 0.40
5481 0.30
5482 0.15
5483 0.55
5484 4.30
5485 10.40
5486 16.00
5487 20.50
5488 21.25
5489 19.90
5490 18.90
5491 16.95
5492 15.00
5493 12.45
5494 9.80
5495 4.20
5496 2.85
5497 3.95
5498 1.85
5499 1.20
5500 1.45
5501 1.85
5502 2.75
5503 3.80
5504 4.20
5505 4.65
5506 5.55
5507 8.35
5508 10.05
5509 11.40
5510 12.70
5511 13.40
5512 13.05
5513 15.80
5514 21.00
5515 22.20
5516 22.95
5517 22.20
5518 19.20
5519 18.50
5520 21.80
5521 21.60
5522 22.80
5523 26.00
5524 28.55
5525 29.45
5526 28.65
5527 26.30
5528 23.65
5529 19.30
5530 11.80
5531 10.85
5532 13.40
5533 14.55
5534 14.45
5535 16.65
5536 22.25
5537 21.00
5538 18.20
5539 19.50
5540 27.80
5541 30.90
5542 33.45
5543 38.90
5544 40.00
5545 36.90
5546 32.05
5547 29.35
5548 28.10
5549 24.40
5550 20.15
5551 18.65
5552 18.95
5553 18.40
5554 16.45
5555 18.05
5556 21.25
5557 25.65
5558 28.55
5559 29.60
5560 29.30
5561 28.10
5562 27.00
5563 25.40
5564 23.60
5565 20.50
5566 15.00
5567 8.85
5568 9.50
5569 4.00
5570 1.90
5571 1.25
5572 0.95
5573 0.95
5574 1.45
5575 1.95
5576 2.50
5577 3.25
5578 3.80
5579 4.30
5580 3.50
5581 2.70
5582 2.55
5583 2.95
5584 3.50
5585 4.50
5586 5.75
5587 6.45
5588 6.70
5589 7.00
5590 6.30
5591 2.80
5592 2.45
5593 2.30
5594 1.40
5595 1.05
5596 0.85
5597 0.70
5598 0.75
5599 1.10
5600 1.85
5601 2.95
5602 3.85
5603 5.00
5604 5.30
5605 4.65
5606 3.45
5607 2.30
5608 1.55
5609 0.95
5610 0.65
5611 0.70
5612 1.00
5613 1.30
5614 1.65
5615 1.00
5616 3.10
5617 6.25
5618 7.40
5619 7.10
5620 6.40
5621 5.75
5622 5.60
5623 7.60
5624 10.85
5625 15.55
5626 16.90
5627 13.05
5628 10.50
5629 12.55
5630 14.55
5631 14.70
5632 12.15
5633 10.50
5634 8.55
5635 7.95
5636 7.80
5637 6.80
5638 5.20
5639 4.25
5640 4.35
5641 4.65
5642 4.10
5643 2.95
5644 1.65
5645 0.70
5646 0.30
5647 0.30
5648 0.50
5649 0.70
5650 1.00
5651 2.85
5652 4.70
5653 5.60
5654 6.65
5655 8.10
5656 8.80
5657 8.40
5658 7.65
5659 6.70
5660 5.90
5661 4.55
5662 2.30
5663 0.30
5664 0.00
5665 0.00
5666 0.00
5667 0.00
5668 0.00
5669 0.00
5670 0.00
5671 0.10
5672 0.55
5673 0.80
5674 1.40
5675 5.20
5676 8.85
5677 11.10
5678 13.60
5679 18.10
5680 20.30
5681 20.35
5682 17.15
5683 14.70
5684 12.45
5685 8.05
5686 3.95
5687 0.70
5688 0.30
5689 0.15
5690 0.05
5691 0.25
5692 1.15
5693 2.65
5694 4.65
5695 6.85
5696 7.20
5697 5.30
5698 2.90
5699 1.15
5700 0.30
5701 0.05
5702 0.00
5703 0.00
5704 0.15
5705 0.75
5706 1.70
5707 2.50
5708 2.90
5709 3.10
5710 3.40
5711 2.15
5712 2.05
5713 6.75
5714 12.15
5715 16.05
5716 18.85
5717 20.40
5718 20.95
5719 21.35
5720 21.90
5721 21.50
5722 17.95
5723 18.20
5724 17.60
5725 15.10
5726 10.95
5727 6.40
5728 3.40
5729 2.70
5730 5.05
5731 10.10
5732 17.00
5733 23.25
5734 27.00
5735 18.70
5736 17.35
5737 28.80
5738 33.80
5739 37.70
5740 40.00
5741 41.00
5742 41.00
5743 40.45
5744 39.60
5745 37.70
5746 31.95
5747 27.95
5748 27.35
5749 26.20
5750 24.00
5751 20.00
5752 14.20
5753 8.70
5754 5.70
5755 4.90
5756 5.35
5757 6.65
5758 7.75
5759 4.65
5760 9.05
5761 11.95
5762 12.05
5763 11.30
5764 10.05
5765 8.95
5766 7.90
5767 7.45
5768 7.35
5769 7.05
5770 6.35
5771 6.70
5772 8.00
5773 9.75
5774 11.40
5775 12.15
5776 11.30
5777 9.35
5778 7.30
5779 5.15
5780 3.35
5781 1.90
5782 0.80
5783 0.10
5784 0.00
5785 0.00
5786 0.05
5787 0.15
5788 0.20
5789 0.20
5790 0.20
5791 0.25
5792 0.40
5793 0.55
5794 1.20
5795 3.45
5796 6.10
5797 8.35
5798 9.75
5799 9.80
5800 8.80
5801 7.45
5802 6.60
5803 6.30
5804 6.55
5805 5.95
5806 4.55
5807 1.55
5808 0.50
5809 0.45
5810 0.35
5811 0.45
5812 0.50
5813 0.50
5814 0.50
5815 0.50
5816 0.65
5817 0.95
5818 2.55
5819 5.60
5820 6.65
5821 6.35
5822 6.15
5823 6.40
5824 7.15
5825 7.90
5826 8.05
5827 7.40
5828 6.50
5829 4.65
5830 2.85
5831 0.80
5832 0.10
5833 0.45
5834 0.40
5835 0.50
5836 0.85
5837 1.40
5838 2.20
5839 3.10
5840 4.20
5841 5.70
5842 8.70
5843 14.70
5844 17.90
5845 18.40
5846 18.35
5847 19.30
5848 20.80
5849 21.25
5850 19.95
5851 16.90
5852 12.95
5853 8.15
5854 4.05
5855 0.55
5856 1.60
5857 3.30
5858 6.30
5859 9.95
5860 12.15
5861 12.40
5862 11.15
5863 9.90
5864 9.00
5865 8.15
5866 5.90
5867 3.40
5868 2.25
5869 2.60
5870 4.75
5871 8.70
5872 12.75
5873 14.15
5874 12.65
5875 9.60
5876 5.95
5877 2.85
5878 1.25
5879 0.45
5880 1.35
5881 10.95
5882 23.00
5883 30.05
5884 32.00
5885 31.45
5886 29.45
5887 27.35
5888 25.65
5889 22.80
5890 18.55
5891 18.05
5892 16.85
5893 16.25
5894 16.90
5895 19.15
5896 19.55
5897 17.60
5898 13.90
5899 9.85
5900 6.55
5901 4.20
5902 3.35
5903 1.60
5904 3.65
5905 9.25
5906 14.70
5907 18.50
5908 19.10
5909 17.30
5910 14.25
5911 11.35
5912 9.20
5913 8.05
5914 7.35
5915 7.90
5916 8.45
5917 9.00
5918 9.00
5919 9.00
5920 8.55
5921 6.95
5922 4.65
5923 2.50
5924 1.25
5925 0.45
5926 0.15
5927 0.05
5928 0.15
5929 3.80
5930 7.00
5931 9.65
5932 12.05
5933 13.60
5934 14.25
5935 14.20
5936 13.70
5937 12.15
5938 9.95
5939 9.30
5940 8.40
5941 8.10
5942 8.25
5943 9.00
5944 10.05
5945 10.65
5946 10.40
5947 9.20
5948 7.70
5949 5.90
5950 4.65
5951 2.75
5952 3.05
5953 11.40
5954 16.25
5955 20.10
5956 21.25
5957 20.05
5958 17.90
5959 15.65
5960 14.15
5961 12.55
5962 11.45
5963 12.40
5964 12.90
5965 13.20
5966 13.60
5967 16.25
5968 20.80
5969 23.45
5970 24.95
5971 24.55
5972 22.40
5973 18.05
5974 12.05
5975 4.45
5976 1.75
5977 1.85
5978 0.25
5979 0.05
5980 0.00
5981 0.00
5982 0.00
5983 0.00
5984 0.05
5985 0.10
5986 0.30
5987 0.50
5988 0.65
5989 0.75
5990 0.90
5991 1.10
5992 1.50
5993 2.20
5994 3.05
5995 4.25
5996 6.65
5997 7.90
5998 7.25
5999 3.65
6000 1.50
6001 0.30
6002 0.00
6003 0.00
6004 0.00
6005 0.00
6006 0.00
6007 0.00
6008 0.00
6009 0.00
6010 0.55
6011 3.25
6012 6.10
6013 4.95
6014 2.55
6015 1.80
6016 2.75
6017 5.65
6018 6.95
6019 3.55
6020 1.60
6021 1.80
6022 3.40
6023 4.40
6024 3.90
6025 2.05
6026 1.85
6027 2.75
6028 3.65
6029 5.25
6030 6.50
6031 7.75
6032 12.40
6033 16.70
6034 14.70
6035 9.90
6036 7.65
6037 5.05
6038 3.10
6039 2.65
6040 2.80
6041 2.90
6042 2.90
6043 2.85
6044 3.05
6045 3.55
6046 4.10
6047 2.55
6048 0.90
6049 0.40
6050 0.90
6051 2.75
6052 5.65
6053 8.35
6054 10.90
6055 13.95
6056 16.85
6057 18.30
6058 16.70
6059 14.55
6060 13.05
6061 15.40
6062 18.20
6063 21.40
6064 26.60
6065 28.95
6066 33.15
6067 36.95
6068 35.00
6069 30.40
6070 28.15
6071 33.75
6072 39.80
6073 42.10
6074 43.30
6075 43.80
6076 43.40
6077 42.35
6078 41.25
6079 39.65
6080 37.50
6081 34.30
6082 28.55
6083 23.60
6084 20.85
6085 24.50
6086 28.20
6087 29.15
6088 27.75
6089 24.90
6090 23.00
6091 22.70
6092 24.20
6093 25.00
6094 26.05
6095 22.10
6096 18.35
6097 20.95
6098 26.55
6099 32.60
6100 37.20
6101 40.00
6102 39.40
6103 38.15
6104 42.10
6105 47.75
6106 48.00
6107 46.75
6108 44.85
6109 41.75
6110 38.00
6111 33.50
6112 31.65
6113 28.90
6114 27.20
6115 25.80
6116 24.75
6117 22.85
6118 18.90
6119 9.65
6120 3.80
6121 1.20
6122 1.95
6123 5.60
6124 9.35
6125 12.55
6126 15.25
6127 16.60
6128 16.40
6129 11.35
6130 7.90
6131 6.65
6132 5.55
6133 4.95
6134 4.80
6135 6.00
6136 7.95
6137 9.60
6138 10.00
6139 9.00
6140 7.60
6141 4.70
6142 1.25
6143 0.05
6144 0.00
6145 0.10
6146 0.15
6147 0.15
6148 0.40
6149 1.05
6150 2.15
6151 3.65
6152 4.90
6153 4.50
6154 5.60
6155 11.15
6156 19.35
6157 26.10
6158 29.95
6159 31.90
6160 32.30
6161 33.45
6162 32.45
6163 31.10
6164 29.05
6165 24.85
6166 20.60
6167 12.95
6168 6.10
6169 9.75
6170 11.70
6171 10.05
6172 9.00
6173 8.60
6174 8.10
6175 7.05
6176 5.60
6177 3.85
6178 1.90
6179 0.45
6180 0.05
6181 0.00
6182 0.00
6183 0.00
6184 0.00
6185 0.00
6186 0.00
6187 0.05
6188 0.10
6189 0.10
6190 0.10
6191 0.10
6192 0.00
6193 0.00
6194 0.15
6195 1.10
6196 1.95
6197 2.25
6198 1.90
6199 1.10
6200 0.45
6201 0.40
6202 1.25
6203 4.00
6204 8.50
6205 13.60
6206 17.90
6207 20.65
6208 22.55
6209 23.20
6210 23.65
6211 24.40
6212 24.55
6213 21.45
6214 17.05
6215 11.15
6216 4.00
6217 2.10
6218 3.20
6219 3.50
6220 3.95
6221 4.80
6222 5.85
6223 6.50
6224 6.55
6225 5.95
6226 6.65
6227 9.20
6228 15.55
6229 25.95
6230 33.60
6231 35.70
6232 35.15
6233 33.25
6234 30.75
6235 28.35
6236 26.15
6237 24.70
6238 23.30
6239 16.30
6240 10.10
6241 10.55
6242 12.55
6243 8.70
6244 5.15
6245 3.30
6246 2.65
6247 2.75
6248 3.60
6249 4.85
6250 6.95
6251 10.00
6252 13.90
6253 18.40
6254 22.40
6255 24.90
6256 26.25
6257 26.45
6258 25.55
6259 26.25
6260 27.00
6261 22.35
6262 16.85
6263 12.45
6264 10.50
6265 10.55
6266 10.35
6267 10.05
6268 8.60
6269 7.45
6270 6.00
6271 4.30
6272 2.35
6273 1.20
6274 1.05
6275 1.60
6276 2.40
6277 3.95
6278 4.65
6279 5.55
6280 6.65
6281 8.85
6282 11.85
6283 14.20
6284 14.95
6285 14.55
6286 15.90
6287 14.70
6288 16.45
6289 19.15
6290 21.15
6291 23.05
6292 24.10
6293 24.40
6294 24.55
6295 24.05
6296 22.35
6297 18.90
6298 13.30
6299 11.60
6300 8.95
6301 5.05
6302 1.80
6303 0.40
6304 0.10
6305 0.15
6306 0.85
6307 2.35
6308 3.90
6309 4.65
6310 4.65
6311 3.35
6312 0.50
6313 0.20
6314 0.10
6315 0.10
6316 0.05
6317 0.05
6318 0.05
6319 0.10
6320 0.30
6321 0.80
6322 2.25
6323 3.90
6324 4.55
6325 4.20
6326 3.50
6327 2.45
6328 1.55
6329 0.95
6330 0.55
6331 0.30
6332 0.25
6333 0.20
6334 0.20
6335 0.20
6336 0.05
6337 0.00
6338 0.00
6339 0.00
6340 0.00
6341 0.00
6342 0.00
6343 0.00
6344 0.00
6345 0.00
6346 0.00
6347 0.00
6348 0.00
6349 0.00
6350 0.00
6351 0.05
6352 0.15
6353 0.35
6354 0.75
6355 1.30
6356 1.95
6357 2.35
6358 2.70
6359 2.95
6360 1.30
6361 1.60
6362 2.70
6363 4.20
6364 5.65
6365 6.45
6366 6.65
6367 6.30
6368 5.50
6369 3.95
6370 2.15
6371 1.25
6372 0.75
6373 0.40
6374 0.20
6375 0.05
6376 0.00
6377 0.00
6378 0.05
6379 0.40
6380 1.50
6381 2.80
6382 3.30
6383 2.70
6384 0.70
6385 1.85
6386 3.60
6387 3.80
6388 3.40
6389 2.60
6390 1.80
6391 1.15
6392 0.85
6393 0.70
6394 0.70
6395 0.45
6396 0.30
6397 0.30
6398 0.35
6399 0.45
6400 0.60
6401 0.80
6402 1.15
6403 1.50
6404 1.70
6405 1.35
6406 0.85
6407 0.60
6408 0.20
6409 1.75
6410 7.95
6411 8.50
6412 8.20
6413 7.55
6414 6.40
6415 5.15
6416 4.00
6417 3.45
6418 4.15
6419 4.75
6420 5.40
6421 6.40
6422 7.65
6423 9.00
6424 10.25
6425 11.15
6426 11.75
6427 11.75
6428 10.95
6429 8.45
6430 5.35
6431 2.75
6432 0.45
6433 1.70
6434 4.45
6435 6.10
6436 7.45
6437 8.35
6438 8.55
6439 8.40
6440 8.15
6441 8.05
6442 10.10
6443 13.95
6444 17.05
6445 19.55
6446 21.55
6447 22.45
6448 23.55
6449 22.85
6450 21.55
6451 20.00
6452 18.90
6453 16.25
6454 13.25
6455 8.10
6456 3.60
6457 7.40
6458 7.30
6459 7.55
6460 7.60
6461 7.20
6462 6.95
6463 6.90
6464 7.20
6465 7.65
6466 10.50
6467 15.45
6468 17.75
6469 19.55
6470 22.20
6471 25.65
6472 28.00
6473 27.20
6474 24.70
6475 21.65
6476 18.65
6477 15.90
6478 13.70
6479 9.25
6480 3.50
6481 4.10
6482 4.10
6483 3.60
6484 3.50
6485 3.90
6486 4.65
6487 5.75
6488 7.60
6489 9.95
6490 16.40
6491 23.70
6492 27.20
6493 29.00
6494 29.30
6495 28.95
6496 27.35
6497 25.20
6498 23.55
6499 22.20
6500 20.70
6501 18.65
6502 15.70
6503 9.25
6504 3.90
6505 5.95
6506 10.60
6507 14.70
6508 17.50
6509 18.45
6510 18.00
6511 16.85
6512 15.55
6513 14.60
6514 18.10
6515 25.05
6516 30.85
6517 34.75
6518 36.90
6519 38.50
6520 39.40
6521 39.40
6522 38.50
6523 36.00
6524 32.95
6525 27.00
6526 22.50
6527 17.20
6528 13.90
6529 22.05
6530 26.35
6531 26.35
6532 25.50
6533 24.05
6534 22.70
6535 21.65
6536 21.60
6537 21.10
6538 24.20
6539 30.55
6540 33.95
6541 36.20
6542 37.40
6543 39.00
6544 35.60
6545 31.45
6546 30.50
6547 28.80
6548 26.35
6549 22.10
6550 19.20
6551 19.30
6552 20.95
6553 29.80
6554 36.60
6555 39.10
6556 41.30
6557 42.20
6558 42.15
6559 41.75
6560 41.60
6561 40.00
6562 39.25
6563 41.10
6564 41.65
6565 40.60
6566 37.00
6567 32.70
6568 29.95
6569 27.95
6570 25.50
6571 21.15
6572 16.50
6573 11.85
6574 9.15
6575 7.70
6576 8.15
6577 14.75
6578 19.30
6579 24.00
6580 27.45
6581 28.40
6582 28.05
6583 26.15
6584 23.60
6585 21.25
6586 21.35
6587 24.70
6588 26.75
6589 27.80
6590 26.85
6591 24.25
6592 21.65
6593 20.00
6594 19.25
6595 16.85
6596 12.45
6597 8.35
6598 5.25
6599 3.70
6600 2.35
6601 5.00
6602 7.30
6603 9.10
6604 10.10
6605 8.90
6606 5.75
6607 2.55
6608 0.65
6609 0.30
6610 1.25
6611 9.60
6612 25.65
6613 34.60
6614 37.50
6615 37.95
6616 37.70
6617 37.90
6618 38.20
6619 37.95
6620 37.20
6621 37.40
6622 37.55
6623 37.75
6624 37.65
6625 35.10
6626 30.10
6627 25.80
6628 22.55
6629 19.40
6630 17.70
6631 17.25
6632 16.80
6633 15.55
6634 17.15
6635 22.35
6636 24.80
6637 25.45
6638 24.55
6639 24.50
6640 25.25
6641 25.10
6642 23.95
6643 21.70
6644 20.00
6645 17.60
6646 14.20
6647 8.95
6648 6.30
6649 5.00
6650 1.90
6651 0.30
6652 0.20
6653 0.10
6654 0.15
6655 0.20
6656 0.15
6657 0.10
6658 0.10
6659 0.20
6660 0.75
6661 2.30
6662 3.60
6663 4.20
6664 3.80
6665 3.15
6666 4.70
6667 5.60
6668 4.50
6669 1.90
6670 0.50
6671 0.15
6672 0.30
6673 1.60
6674 4.70
6675 7.10
6676 8.70
6677 10.05
6678 10.30
6679 10.05
6680 9.30
6681 6.95
6682 4.85
6683 4.05
6684 4.20
6685 5.90
6686 8.65
6687 13.30
6688 18.90
6689 23.95
6690 28.40
6691 30.90
6692 31.55
6693 29.95
6694 26.90
6695 22.30
6696 9.50
6697 4.65
6698 6.75
6699 7.55
6700 10.00
6701 12.15
6702 14.10
6703 15.80
6704 16.70
6705 13.00
6706 10.25
6707 8.10
6708 7.40
6709 8.30
6710 10.20
6711 17.25
6712 24.75
6713 24.05
6714 19.60
6715 16.40
6716 14.55
6717 14.00
6718 13.50
6719 11.65
6720 4.85
6721 6.30
6722 3.05
6723 2.85
6724 3.65
6725 4.25
6726 4.15
6727 4.05
6728 3.80
6729 4.65
6730 7.85
6731 11.65
6732 14.70
6733 17.15
6734 19.55
6735 22.95
6736 25.45
6737 26.25
6738 25.20
6739 24.80
6740 21.55
6741 15.65
6742 16.05
6743 14.95
6744 7.35
6745 7.65
6746 7.50
6747 4.95
6748 3.25
6749 3.10
6750 3.55
6751 3.65
6752 4.10
6753 5.15
6754 9.30
6755 12.95
6756 17.35
6757 23.40
6758 28.25
6759 32.45
6760 34.25
6761 35.00
6762 34.65
6763 34.30
6764 34.35
6765 32.10
6766 28.75
6767 23.80
6768 9.50
6769 3.90
6770 2.20
6771 1.00
6772 1.10
6773 1.40
6774 1.65
6775 1.80
6776 1.30
6777 0.65
6778 0.15
6779 0.05
6780 0.10
6781 0.65
6782 2.45
6783 5.70
6784 9.10
6785 11.35
6786 13.30
6787 13.30
6788 11.90
6789 10.85
6790 10.85
6791 10.60
6792 6.85
6793 1.95
6794 2.75
6795 6.40
6796 9.05
6797 12.05
6798 14.30
6799 15.75
6800 16.00
6801 12.60
6802 9.25
6803 5.05
6804 1.90
6805 0.65
6806 0.80
6807 1.80
6808 2.40
6809 1.95
6810 1.35
6811 1.25
6812 2.10
6813 3.25
6814 4.35
6815 5.50
6816 5.65
6817 4.70
6818 4.20
6819 8.35
6820 11.60
6821 12.70
6822 18.05
6823 21.60
6824 15.25
6825 6.25
6826 3.80
6827 3.40
6828 3.90
6829 4.95
6830 5.70
6831 6.60
6832 7.30
6833 7.85
6834 8.80
6835 9.60
6836 9.30
6837 9.25
6838 10.30
6839 11.70
6840 10.15
6841 15.60
6842 19.10
6843 17.25
6844 14.80
6845 13.90
6846 14.15
6847 14.90
6848 15.70
6849 17.20
6850 24.25
6851 29.50
6852 28.10
6853 25.30
6854 22.15
6855 20.15
6856 18.65
6857 17.75
6858 17.15
6859 17.10
6860 17.15
6861 17.30
6862 16.25
6863 13.05
6864 10.10
6865 14.55
6866 9.85
6867 5.70
6868 3.25
6869 2.00
6870 1.25
6871 1.35
6872 0.60
6873 0.40
6874 3.55
6875 9.35
6876 11.50
6877 10.45
6878 9.30
6879 9.10
6880 9.10
6881 10.15
6882 10.55
6883 9.15
6884 7.10
6885 5.00
6886 3.45
6887 3.00
6888 2.55
6889 2.55
6890 1.95
6891 1.05
6892 0.65
6893 0.55
6894 0.45
6895 0.50
6896 0.65
6897 1.10
6898 1.55
6899 1.55
6900 1.45
6901 1.35
6902 1.00
6903 0.45
6904 0.10
6905 0.00
6906 0.00
6907 0.20
6908 1.00
6909 2.15
6910 2.70
6911 2.65
6912 2.05
6913 1.10
6914 0.40
6915 0.10
6916 0.05
6917 0.35
6918 1.50
6919 3.25
6920 4.20
6921 3.05
6922 1.40
6923 0.35
6924 0.00
6925 0.00
6926 0.05
6927 0.40
6928 1.10
6929 1.90
6930 2.50
6931 3.05
6932 3.60
6933 4.15
6934 4.80
6935 4.85
6936 1.55
6937 0.10
6938 0.15
6939 0.10
6940 0.35
6941 1.15
6942 2.60
6943 4.10
6944 4.70
6945 3.70
6946 4.20
6947 6.25
6948 9.00
6949 11.85
6950 13.95
6951 16.50
6952 19.05
6953 20.20
6954 20.20
6955 19.40
6956 17.65
6957 13.95
6958 9.45
6959 5.75
6960 1.80
6961 1.20
6962 2.00
6963 3.40
6964 5.55
6965 7.35
6966 8.45
6967 8.95
6968 8.75
6969 7.75
6970 8.85
6971 11.35
6972 15.50
6973 20.15
6974 25.15
6975 29.30
6976 30.95
6977 30.05
6978 27.35
6979 23.30
6980 18.80
6981 13.90
6982 8.95
6983 6.45
6984 5.60
6985 8.15
6986 10.65
6987 12.55
6988 17.20
6989 22.45
6990 27.50
6991 33.70
6992 38.65
6993 39.15
6994 39.45
6995 39.30
6996 39.10
6997 38.95
6998 38.65
6999 39.25
7000 39.55
7001 39.25
7002 38.25
7003 36.40
7004 33.15
7005 27.80
7006 21.85
7007 16.85
7008 8.10
7009 1.90
7010 1.25
7011 1.35
7012 1.90
7013 2.70
7014 3.05
7015 2.65
7016 1.50
7017 0.50
7018 0.05
7019 0.00
7020 0.00
7021 0.20
7022 1.20
7023 2.95
7024 5.55
7025 8.85
7026 12.00
7027 13.25
7028 12.55
7029 9.70
7030 7.10
7031 6.50
7032 5.95
7033 3.55
7034 10.10
7035 14.80
7036 17.60
7037 19.55
7038 19.70
7039 18.10
7040 14.45
7041 10.10
7042 11.35
7043 16.00
7044 21.95
7045 26.25
7046 28.30
7047 28.00
7048 25.95
7049 23.20
7050 20.75
7051 19.55
7052 19.30
7053 18.05
7054 15.75
7055 12.60
7056 5.10
7057 1.15
7058 2.40
7059 5.20
7060 7.75
7061 8.05
7062 6.95
7063 5.70
7064 5.00
7065 6.55
7066 11.50
7067 16.25
7068 21.10
7069 25.05
7070 27.20
7071 28.40
7072 27.80
7073 24.20
7074 17.90
7075 14.35
7076 11.00
7077 6.80
7078 3.85
7079 2.25
7080 1.75
7081 2.25
7082 6.80
7083 14.45
7084 21.45
7085 24.70
7086 24.05
7087 22.35
7088 21.05
7089 17.20
7090 18.25
7091 17.25
7092 17.35
7093 22.70
7094 40.25
7095 46.05
7096 46.35
7097 46.75
7098 46.25
7099 44.25
7100 39.30
7101 29.15
7102 19.80
7103 14.25
7104 19.40
7105 22.40
7106 22.10
7107 24.55
7108 29.40
7109 33.40
7110 35.35
7111 35.00
7112 32.70
7113 26.35
7114 18.40
7115 13.90
7116 10.60
7117 7.80
7118 5.50
7119 4.45
7120 4.80
7121 5.50
7122 5.90
7123 6.65
7124 7.35
7125 7.35
7126 4.95
7127 1.20
7128 0.00
7129 0.00
7130 0.00
7131 0.20
7132 1.15
7133 2.25
7134 3.60
7135 4.55
7136 4.55
7137 4.20
7138 6.00
7139 9.55
7140 14.45
7141 18.65
7142 20.35
7143 20.20
7144 21.00
7145 22.95
7146 25.80
7147 28.55
7148 29.95
7149 28.40
7150 25.80
7151 23.30
7152 12.85
7153 5.05
7154 6.10
7155 11.75
7156 18.35
7157 24.25
7158 28.10
7159 28.90
7160 24.15
7161 20.50
7162 21.25
7163 21.60
7164 21.75
7165 22.05
7166 22.25
7167 22.95
7168 23.35
7169 23.30
7170 24.05
7171 25.70
7172 27.05
7173 26.45
7174 26.65
7175 28.70
7176 23.30
7177 12.80
7178 13.05
7179 33.40
7180 41.35
7181 45.80
7182 47.85
7183 48.55
7184 47.55
7185 45.40
7186 47.30
7187 48.75
7188 49.25
7189 49.40
7190 48.95
7191 47.20
7192 43.70
7193 44.00
7194 41.40
7195 37.60
7196 35.95
7197 34.45
7198 33.10
7199 31.35
7200 20.70
7201 28.40
7202 35.30
7203 38.25
7204 38.85
7205 37.65
7206 35.50
7207 31.65
7208 25.75
7209 15.80
7210 9.65
7211 5.95
7212 4.80
7213 5.20
7214 6.55
7215 9.60
7216 14.20
7217 18.20
7218 21.00
7219 23.00
7220 24.80
7221 25.35
7222 25.05
7223 23.95
7224 16.85
7225 5.90
7226 3.65
7227 13.90
7228 19.75
7229 24.70
7230 28.55
7231 30.40
7232 25.35
7233 21.00
7234 21.55
7235 24.20
7236 28.30
7237 33.15
7238 36.70
7239 39.50
7240 39.80
7241 38.40
7242 37.10
7243 36.60
7244 36.85
7245 35.50
7246 33.60
7247 32.10
7248 23.20
7249 9.70
7250 11.35
7251 17.90
7252 19.25
7253 21.10
7254 23.30
7255 25.35
7256 25.80
7257 23.50
7258 23.75
7259 22.20
7260 21.10
7261 21.55
7262 22.55
7263 24.70
7264 25.85
7265 25.15
7266 23.80
7267 22.20
7268 20.50
7269 16.95
7270 12.05
7271 7.15
7272 3.05
7273 0.20
7274 0.00
7275 0.15
7276 0.25
7277 0.30
7278 0.25
7279 0.10
7280 0.00
7281 0.00
7282 0.20
7283 0.80
7284 2.10
7285 3.80
7286 4.60
7287 4.05
7288 3.35
7289 3.35
7290 3.65
7291 4.90
7292 6.65
7293 6.55
7294 7.25
7295 7.75
7296 6.20
7297 3.40
7298 4.40
7299 8.05
7300 11.85
7301 14.50
7302 16.25
7303 16.85
7304 15.10
7305 11.35
7306 11.00
7307 11.75
7308 12.00
7309 12.90
7310 14.85
7311 16.60
7312 18.10
7313 17.15
7314 15.10
7315 14.75
7316 16.90
7317 16.60
7318 15.00
7319 12.55
7320 14.05
7321 15.70
7322 16.40
7323 17.75
7324 19.85
7325 23.45
7326 26.95
7327 28.20
7328 25.40
7329 17.75
7330 12.95
7331 8.95
7332 7.30
7333 7.50
7334 8.15
7335 8.95
7336 8.85
7337 7.60
7338 5.65
7339 3.70
7340 2.00
7341 0.90
7342 0.30
7343 0.10
7344 0.00
7345 0.00
7346 0.00
7347 0.00
7348 0.00
7349 0.10
7350 0.20
7351 0.15
7352 0.10
7353 0.00
7354 0.00
7355 0.05
7356 0.10
7357 0.30
7358 1.00
7359 2.30
7360 4.15
7361 6.20
7362 7.85
7363 8.55
7364 8.35
7365 7.00
7366 5.35
7367 3.75
7368 1.80
7369 0.15
7370 0.00
7371 0.00
7372 0.00
7373 0.00
7374 0.00
7375 0.00
7376 0.05
7377 0.80
7378 2.15
7379 2.75
7380 2.50
7381 2.05
7382 1.65
7383 1.35
7384 1.25
7385 0.90
7386 0.50
7387 0.20
7388 0.10
7389 0.15
7390 0.40
7391 0.80
7392 1.40
7393 0.80
7394 2.55
7395 3.15
7396 2.45
7397 1.95
7398 1.80
7399 1.95
7400 2.75
7401 4.70
7402 5.80
7403 6.35
7404 7.25
7405 8.45
7406 10.45
7407 12.70
7408 14.25
7409 15.65
7410 17.05
7411 17.45
7412 16.60
7413 14.30
7414 11.35
7415 8.15
7416 4.45
7417 1.95
7418 1.30
7419 2.20
7420 4.70
7421 8.60
7422 12.60
7423 14.75
7424 14.30
7425 12.55
7426 13.90
7427 17.25
7428 22.70
7429 27.80
7430 29.50
7431 28.65
7432 26.45
7433 24.70
7434 23.65
7435 22.70
7436 21.25
7437 19.55
7438 17.15
7439 14.15
7440 7.05
7441 1.85
7442 0.65
7443 0.00
7444 0.00
7445 0.00
7446 0.00
7447 0.00
7448 0.00
7449 0.00
7450 0.00
7451 0.00
7452 0.00
7453 0.05
7454 0.40
7455 1.40
7456 2.95
7457 4.65
7458 5.60
7459 5.65
7460 5.10
7461 4.00
7462 2.80
7463 2.05
7464 2.00
7465 1.35
7466 1.80
7467 2.00
7468 2.05
7469 2.40
7470 2.35
7471 2.30
7472 2.75
7473 6.05
7474 11.85
7475 17.25
7476 20.75
7477 22.20
7478 22.10
7479 21.90
7480 20.25
7481 16.60
7482 12.10
7483 8.60
7484 6.70
7485 5.70
7486 4.30
7487 3.35
7488 2.35
7489 2.05
7490 2.85
7491 5.05
7492 12.05
7493 30.00
7494 43.25
7495 43.90
7496 39.65
7497 36.25
7498 38.75
7499 41.55
7500 42.90
7501 44.40
7502 45.30
7503 45.70
7504 45.05
7505 43.35
7506 43.50
7507 44.95
7508 45.30
7509 42.95
7510 37.70
7511 33.35
7512 24.35
7513 15.50
7514 29.75
7515 34.20
7516 37.70
7517 39.80
7518 40.45
7519 39.40
7520 35.50
7521 28.10
7522 22.70
7523 18.60
7524 17.25
7525 17.25
7526 16.80
7527 16.25
7528 15.85
7529 14.80
7530 13.55
7531 12.95
7532 13.05
7533 12.40
7534 11.15
7535 11.15
7536 11.15
7537 5.15
7538 1.95
7539 7.90
7540 10.90
7541 12.65
7542 13.90
7543 12.25
7544 12.80
7545 14.45
7546 18.70
7547 23.80
7548 27.35
7549 31.05
7550 32.20
7551 34.20
7552 36.30
7553 38.00
7554 38.00
7555 37.85
7556 38.05
7557 37.85
7558 37.80
7559 37.40
7560 32.10
7561 20.45
7562 25.95
7563 32.70
7564 36.85
7565 40.35
7566 43.05
7567 43.85
7568 42.50
7569 39.65
7570 36.85
7571 34.30
7572 37.50
7573 42.70
7574 45.65
7575 47.40
7576 48.75
7577 49.15
7578 49.20
7579 49.25
7580 48.70
7581 46.30
7582 40.80
7583 33.60
7584 38.10
7585 44.25
7586 45.50
7587 47.05
7588 48.20
7589 48.65
7590 48.85
7591 48.75
7592 47.00
7593 42.65
7594 41.00
7595 37.20
7596 33.15
7597 29.45
7598 27.10
7599 28.90
7600 30.15
7601 30.55
7602 30.85
7603 31.50
7604 32.55
7605 32.95
7606 33.45
7607 32.90
7608 27.50
7609 19.60
7610 35.00
7611 41.35
7612 43.55
7613 44.00
7614 43.25
7615 39.80
7616 30.90
7617 24.40
7618 19.30
7619 16.55
7620 17.00
7621 18.85
7622 19.05
7623 19.15
7624 18.80
7625 17.70
7626 18.05
7627 20.95
7628 25.05
7629 25.70
7630 23.10
7631 20.15
7632 15.85
7633 6.75
7634 3.45
7635 12.55
7636 21.55
7637 27.95
7638 31.50
7639 29.15
7640 22.85
7641 22.20
7642 21.60
7643 17.95
7644 15.80
7645 16.45
7646 18.10
7647 21.00
7648 22.70
7649 21.90
7650 20.25
7651 17.55
7652 12.90
7653 6.60
7654 1.85
7655 0.25
7656 0.55
7657 2.15
7658 2.70
7659 3.35
7660 3.90
7661 3.95
7662 3.95
7663 4.40
7664 5.65
7665 10.05
7666 17.45
7667 25.75
7668 33.35
7669 39.00
7670 41.20
7671 42.25
7672 43.60
7673 45.35
7674 47.55
7675 48.75
7676 48.75
7677 48.10
7678 47.15
7679 48.15
7680 48.80
7681 48.85
7682 48.90
7683 49.25
7684 49.55
7685 49.35
7686 48.90
7687 48.90
7688 49.40
7689 49.40
7690 47.90
7691 44.65
7692 38.95
7693 29.60
7694 21.25
7695 19.10
7696 19.35
7697 17.60
7698 15.40
7699 13.50
7700 12.95
7701 10.85
7702 11.15
7703 13.80
7704 12.80
7705 17.60
7706 26.45
7707 30.75
7708 36.85
7709 41.50
7710 43.35
7711 43.30
7712 40.00
7713 32.70
7714 27.85
7715 23.25
7716 19.55
7717 16.00
7718 11.20
7719 7.80
7720 5.05
7721 2.30
7722 0.70
7723 0.25
7724 0.40
7725 1.00
7726 2.25
7727 3.65
7728 4.85
7729 3.05
7730 5.45
7731 9.45
7732 12.85
7733 16.25
7734 16.25
7735 13.90
7736 9.60
7737 6.90
7738 5.15
7739 6.30
7740 11.10
7741 18.35
7742 23.95
7743 27.20
7744 28.45
7745 27.80
7746 25.60
7747 22.40
7748 18.50
7749 13.90
7750 8.90
7751 4.15
7752 1.20
7753 0.10
7754 0.00
7755 0.25
7756 1.70
7757 2.90
7758 2.90
7759 2.50
7760 2.95
7761 3.40
7762 5.15
7763 8.95
7764 13.30
7765 16.25
7766 17.30
7767 18.55
7768 19.65
7769 20.00
7770 19.45
7771 18.40
7772 17.05
7773 13.85
7774 10.30
7775 8.00
7776 5.25
7777 2.90
7778 4.40
7779 6.30
7780 7.70
7781 8.80
7782 10.00
7783 11.60
7784 14.30
7785 20.90
7786 27.20
7787 32.25
7788 35.00
7789 35.55
7790 33.40
7791 33.15
7792 31.85
7793 33.85
7794 32.75
7795 32.15
7796 30.45
7797 28.15
7798 27.25
7799 32.40
7800 39.40
7801 40.10
7802 38.90
7803 34.85
7804 26.85
7805 23.45
7806 25.10
7807 21.00
7808 11.80
7809 4.70
7810 2.00
7811 1.75
7812 1.70
7813 3.70
7814 8.85
7815 16.15
7816 21.50
7817 27.15
7818 28.30
7819 25.65
7820 20.50
7821 19.75
7822 18.20
7823 15.55
7824 11.15
7825 4.75
7826 2.15
7827 0.90
7828 2.30
7829 8.75
7830 19.90
7831 28.40
7832 32.95
7833 35.20
7834 34.10
7835 30.05
7836 31.20
7837 39.90
7838 42.85
7839 43.00
7840 43.75
7841 44.65
7842 43.15
7843 39.80
7844 34.85
7845 28.40
7846 23.45
7847 20.75
7848 22.05
7849 29.00
7850 30.50
7851 27.80
7852 24.50
7853 21.45
7854 19.05
7855 17.05
7856 13.00
7857 8.35
7858 5.50
7859 2.90
7860 0.90
7861 0.10
7862 0.00
7863 0.00
7864 0.45
7865 2.75
7866 6.25
7867 9.60
7868 12.55
7869 13.45
7870 12.95
7871 13.30
7872 11.40
7873 9.75
7874 14.45
7875 14.55
7876 14.55
7877 13.65
7878 13.95
7879 14.70
7880 13.70
7881 11.05
7882 13.30
7883 17.05
7884 20.65
7885 22.10
7886 20.25
7887 18.95
7888 20.30
7889 21.85
7890 22.00
7891 20.60
7892 17.85
7893 11.65
7894 5.15
7895 1.55
7896 0.75
7897 0.60
7898 2.05
7899 5.05
7900 6.85
7901 7.70
7902 8.90
7903 10.90
7904 12.25
7905 12.50
7906 12.45
7907 13.60
7908 17.15
7909 21.85
7910 24.75
7911 25.45
7912 24.90
7913 24.95
7914 24.80
7915 23.20
7916 20.90
7917 18.05
7918 14.25
7919 10.85
7920 7.10
7921 5.45
7922 3.45
7923 1.70
7924 0.90
7925 0.55
7926 0.35
7927 0.35
7928 0.85
7929 2.40
7930 4.35
7931 5.75
7932 6.50
7933 7.35
7934 8.80
7935 10.60
7936 12.05
7937 13.10
7938 14.10
7939 14.05
7940 16.05
7941 17.60
7942 17.00
7943 16.85
7944 13.55
7945 7.70
7946 11.45
7947 13.80
7948 14.70
7949 15.00
7950 15.45
7951 15.15
7952 13.60
7953 14.00
7954 16.70
7955 18.45
7956 19.15
7957 20.55
7958 22.50
7959 24.55
7960 26.90
7961 29.20
7962 30.75
7963 31.05
7964 31.95
7965 29.20
7966 22.95
7967 21.10
7968 21.25
7969 24.70
7970 29.55
7971 30.45
7972 30.45
7973 28.05
7974 21.50
7975 11.10
7976 6.35
7977 6.50
7978 6.95
7979 8.00
7980 11.65
7981 17.60
7982 22.65
7983 27.05
7984 30.75
7985 29.10
7986 27.35
7987 27.80
7988 27.35
7989 24.90
7990 21.90
7991 20.35
7992 17.30
7993 12.15
7994 11.70
7995 14.10
7996 19.50
7997 23.95
7998 26.60
7999 27.05
8000 25.05
8001 17.30
8002 12.15
8003 8.10
8004 5.15
8005 4.60
8006 6.85
8007 12.10
8008 20.05
8009 27.00
8010 30.50
8011 31.70
8012 32.15
8013 31.70
8014 31.90
8015 32.35
8016 29.75
8017 26.25
8018 43.75
8019 46.05
8020 47.20
8021 47.85
8022 47.90
8023 47.55
8024 46.65
8025 43.70
8026 39.75
8027 35.10
8028 27.35
8029 22.35
8030 19.00
8031 18.10
8032 19.05
8033 21.80
8034 25.65
8035 29.15
8036 31.70
8037 31.35
8038 30.20
8039 29.90
8040 26.95
8041 16.00
8042 23.55
8043 31.05
8044 34.80
8045 37.75
8046 38.95
8047 38.75
8048 34.10
8049 25.15
8050 21.60
8051 22.75
8052 25.75
8053 29.15
8054 31.10
8055 33.75
8056 36.40
8057 37.75
8058 38.05
8059 37.80
8060 37.05
8061 34.65
8062 32.20
8063 30.75
8064 28.40
8065 16.30
8066 7.80
8067 18.95
8068 27.55
8069 31.95
8070 33.75
8071 33.75
8072 28.85
8073 23.95
8074 21.70
8075 20.20
8076 23.25
8077 30.70
8078 35.70
8079 37.30
8080 37.30
8081 36.25
8082 34.50
8083 32.70
8084 30.90
8085 27.60
8086 24.55
8087 23.00
8088 21.30
8089 11.15
8090 5.15
8091 6.75
8092 8.60
8093 11.30
8094 14.05
8095 16.15
8096 15.40
8097 14.70
8098 14.25
8099 12.50
8100 11.25
8101 11.55
8102 13.20
8103 17.15
8104 21.40
8105 22.95
8106 21.55
8107 18.05
8108 13.65
8109 9.30
8110 5.70
8111 3.20
8112 1.60
8113 0.35
8114 0.00
8115 0.00
8116 0.00
8117 0.05
8118 0.10
8119 0.15
8120 0.20
8121 0.45
8122 0.90
8123 1.35
8124 1.35
8125 1.10
8126 1.00
8127 1.00
8128 1.30
8129 2.10
8130 3.50
8131 5.55
8132 7.55
8133 8.15
8134 7.55
8135 6.35
8136 5.20
8137 2.75
8138 0.55
8139 1.75
8140 2.15
8141 2.15
8142 2.10
8143 1.75
8144 1.30
8145 0.70
8146 0.35
8147 0.20
8148 0.15
8149 0.15
8150 0.15
8151 0.15
8152 0.25
8153 0.25
8154 0.25
8155 0.20
8156 0.15
8157 0.05
8158 0.00
8159 0.00
8160 0.15
8161 0.70
8162 0.70
8163 1.30
8164 4.65
8165 6.10
8166 7.20
8167 7.20
8168 5.95
8169 4.65
8170 3.25
8171 2.70
8172 3.40
8173 5.75
8174 10.20
8175 18.10
8176 27.60
8177 34.10
8178 36.85
8179 37.30
8180 36.80
8181 35.10
8182 33.70
8183 32.95
8184 31.50
8185 21.90
8186 20.45
8187 37.00
8188 42.65
8189 45.05
8190 44.95
8191 43.20
8192 36.10
8193 28.70
8194 26.90
8195 28.75
8196 32.10
8197 33.85
8198 34.00
8199 35.20
8200 36.25
8201 36.20
8202 35.40
8203 34.15
8204 33.00
8205 31.10
8206 29.50
8207 28.50
8208 26.50
8209 14.95
8210 6.85
8211 16.85
8212 25.95
8213 32.75
8214 37.30
8215 38.30
8216 37.55
8217 38.40
8218 36.95
8219 36.25
8220 38.40
8221 41.00
8222 40.15
8223 40.05
8224 40.95
8225 41.70
8226 41.45
8227 39.75
8228 37.40
8229 34.75
8230 32.65
8231 31.40
8232 28.70
8233 18.65
8234 26.75
8235 29.70
8236 30.60
8237 30.85
8238 30.75
8239 30.10
8240 24.85
8241 17.05
8242 11.85
8243 7.65
8244 6.20
8245 7.65
8246 10.85
8247 16.15
8248 22.70
8249 27.80
8250 30.65
8251 31.15
8252 29.30
8253 25.65
8254 21.80
8255 17.75
8256 12.65
8257 5.05
8258 2.95
8259 1.95
8260 1.25
8261 1.05
8262 1.00
8263 0.65
8264 0.20
8265 0.00
8266 0.00
8267 0.05
8268 1.35
8269 5.60
8270 11.55
8271 16.70
8272 19.90
8273 21.30
8274 21.60
8275 21.25
8276 21.05
8277 18.95
8278 15.60
8279 13.05
8280 11.15
8281 6.65
8282 2.50
8283 4.10
8284 8.15
8285 9.25
8286 9.60
8287 8.65
8288 7.00
8289 5.95
8290 4.70
8291 3.90
8292 3.45
8293 3.70
8294 5.50
8295 10.30
8296 18.05
8297 26.15
8298 32.45
8299 35.50
8300 35.45
8301 33.40
8302 31.50
8303 29.95
8304 26.55
8305 13.70
8306 6.10
8307 5.15
8308 3.65
8309 1.60
8310 0.80
8311 0.95
8312 2.40
8313 5.65
8314 8.95
8315 11.00
8316 11.80
8317 11.90
8318 12.45
8319 14.70
8320 17.15
8321 20.00
8322 22.45
8323 25.25
8324 30.10
8325 32.20
8326 33.00
8327 35.40
8328 37.40
8329 36.95
8330 40.15
8331 44.80
8332 45.35
8333 45.35
8334 45.15
8335 43.55
8336 38.55
8337 38.70
8338 36.60
8339 33.45
8340 31.25
8341 30.20
8342 27.20
8343 28.90
8344 29.10
8345 26.60
8346 25.50
8347 21.90
8348 19.40
8349 14.55
8350 11.15
8351 10.35
8352 9.80
8353 8.30
8354 10.70
8355 14.35
8356 15.45
8357 15.35
8358 14.90
8359 14.10
8360 13.60
8361 10.90
8362 9.65
8363 9.40
8364 10.60
8365 12.00
8366 13.90
8367 16.60
8368 22.20
8369 28.40
8370 30.90
8371 29.65
8372 29.60
8373 29.95
8374 31.20
8375 32.55
8376 32.80
8377 32.50
8378 39.10
8379 39.95
8380 38.65
8381 36.85
8382 34.40
8383 32.40
8384 27.55
8385 24.60
8386 25.90
8387 26.65
8388 27.85
8389 29.35
8390 29.65
8391 30.65
8392 30.95
8393 29.85
8394 27.85
8395 25.15
8396 21.85
8397 18.20
8398 15.85
8399 14.75
8400 12.80
8401 7.85
8402 5.20
8403 5.90
8404 8.15
8405 10.30
8406 11.55
8407 11.35
8408 9.65
8409 6.90
8410 5.00
8411 3.65
8412 2.90
8413 2.40
8414 1.85
8415 2.00
8416 2.95
8417 4.95
8418 8.35
8419 12.60
8420 15.50
8421 14.75
8422 12.80
8423 10.80
8424 8.85
8425 5.00
8426 3.50
8427 8.95
8428 13.20
8429 16.60
8430 18.55
8431 20.05
8432 19.75
8433 17.90
8434 17.25
8435 16.00
8436 16.15
8437 17.45
8438 17.75
8439 18.80
8440 18.40
8441 17.05
8442 13.85
8443 10.05
8444 7.40
8445 5.20
8446 3.45
8447 2.05
8448 0.80
8449 0.20
8450 0.45
8451 1.70
8452 3.65
8453 5.45
8454 6.55
8455 6.65
8456 5.30
8457 2.20
8458 0.35
8459 0.00
8460 0.00
8461 0.60
8462 3.55
8463 8.35
8464 13.35
8465 18.00
8466 21.45
8467 19.75
8468 17.10
8469 13.50
8470 10.35
8471 8.50
8472 6.75
8473 4.95
8474 5.10
8475 8.75
8476 18.50
8477 25.25
8478 28.40
8479 28.90
8480 24.25
8481 16.40
8482 12.05
8483 9.20
8484 7.85
8485 7.30
8486 6.65
8487 6.80
8488 7.60
8489 7.70
8490 6.65
8491 5.65
8492 5.00
8493 3.95
8494 3.05
8495 3.55
8496 5.30
8497 4.95
8498 3.55
8499 7.15
8500 17.50
8501 23.20
8502 26.30
8503 22.05
8504 16.25
8505 16.25
8506 14.80
8507 13.05
8508 11.85
8509 11.30
8510 12.40
8511 15.75
8512 20.45
8513 24.05
8514 25.30
8515 24.90
8516 23.90
8517 20.90
8518 17.20
8519 14.65
8520 12.25
8521 5.60
8522 1.50
8523 1.40
8524 1.50
8525 2.30
8526 3.50
8527 5.10
8528 6.95
8529 9.00
8530 7.20
8531 4.20
8532 2.45
8533 1.90
8534 2.20
8535 3.25
8536 4.65
8537 5.60
8538 6.00
8539 5.50
8540 4.60
8541 3.85
8542 3.30
8543 2.60
8544 1.80
8545 0.50
8546 0.00
8547 0.00
8548 0.05
8549 0.10
8550 0.20
8551 0.60
8552 2.30
8553 5.90
8554 7.65
8555 9.10
8556 11.25
8557 15.55
8558 23.65
8559 31.85
8560 34.75
8561 31.20
8562 24.90
8563 20.75
8564 19.30
8565 16.25
8566 11.65
8567 9.00
8568 8.80
8569 7.80
8570 6.60
8571 6.25
8572 7.55
8573 8.50
8574 10.35
8575 10.95
8576 9.30
8577 8.50
8578 7.40
8579 6.95
8580 9.60
8581 10.50
8582 12.35
8583 18.70
8584 25.95
8585 28.40
8586 26.35
8587 22.10
8588 19.95
8589 20.05
8590 21.60
8591 22.20
8592 20.75
8593 13.95
8594 15.90
8595 18.75
8596 20.65
8597 22.50
8598 24.70
8599 26.75
8600 28.05
8601 23.00
8602 20.05
8603 26.40
8604 32.90
8605 32.35
8606 31.65
8607 32.35
8608 33.30
8609 29.50
8610 25.15
8611 26.40
8612 29.15
8613 29.80
8614 29.30
8615 28.70
8616 26.50
8617 19.55
8618 35.65
8619 40.85
8620 43.30
8621 44.40
8622 44.45
8623 43.30
8624 37.80
8625 31.85
8626 28.65
8627 28.90
8628 30.15
8629 32.30
8630 34.35
8631 37.05
8632 38.85
8633 39.65
8634 40.00
8635 40.00
8636 40.05
8637 38.45
8638 36.80
8639 35.75
8640 33.40
8641 23.35
8642 15.90
8643 29.05
8644 36.00
8645 37.80
8646 37.55
8647 35.00
8648 24.20
8649 16.25
8650 14.30
8651 17.05
8652 22.20
8653 26.85
8654 30.15
8655 33.85
8656 36.60
8657 38.65
8658 40.05
8659 40.30
8660 38.70
8661 36.70
8662 35.05
8663 34.15
8664 32.55
8665 23.35
8666 13.20
8667 10.95
8668 12.80
8669 27.20
8670 32.75
8671 25.50
8672 20.05
8673 17.60
8674 15.60
8675 16.45
8676 20.05
8677 25.05
8678 30.05
8679 35.55
8680 40.40
8681 41.65
8682 40.45
8683 37.90
8684 33.30
8685 27.60
8686 23.35
8687 21.10
8688 19.55
8689 17.55
8690 25.80
8691 28.55
8692 31.15
8693 33.85
8694 35.80
8695 36.70
8696 36.95
8697 30.55
8698 21.75
8699 18.20
8700 16.00
8701 15.10
8702 14.75
8703 15.55
8704 16.40
8705 16.60
8706 14.95
8707 12.70
8708 12.15
8709 11.20
8710 9.90
8711 9.45
8712 9.00
8713 13.50
8714 13.90
8715 13.25
8716 14.00
8717 13.85
8718 12.55
8719 10.20
8720 6.95
8721 3.60
8722 1.30
8723 0.15
8724 0.05
8725 0.35
8726 2.05
8727 4.80
8728 7.80
8729 10.55
8730 13.05
8731 15.20
8732 17.10
8733 16.30
8734 13.75
8735 12.05
8736 10.05
8737 5.55
8738 5.25
8739 8.80
8740 10.20
8741 9.30
8742 8.10
8743 8.00
8744 7.95
8745 8.15
8746 6.80
8747 5.55
8748 4.40
8749 3.55
8750 2.85
8751 3.20
8752 4.25
8753 4.70
8754 4.65
8755 4.30
8756 3.45
8757 2.05
8758 0.85
8759 0.20
;

param mxCap :=
Hydrogen Elec1 5
Hydrogen Tank1 10.0
Hydrogen Tank2 5.0
Hydrogen Cell1 0.33
;

param mxecIn :=
Hydrogen Tank1 3.0
Hydrogen Tank2 1.0
;

param mxecOut :=
Hydrogen Tank1 3.0
Hydrogen Tank2 1.0
;

param ecini :=
Hydrogen Tank1 0.2
Hydrogen Tank2 0.2
;

param e2ec :=
Hydrogen Elec1 0.2
;

param eSp :=
Hydrogen Tank1 0.1
Hydrogen Tank2 0.1
;

param ecRes :=
Hydrogen Tank1 1
Hydrogen Tank2 1
;

param eRp :=
Hydrogen Tank1 0
Hydrogen Tank2 0
;

param ec2e :=
Hydrogen Cell1 2.33
;

param sInv :=
Hydrogen Elec1 561.7
Hydrogen Tank1 40.12
Hydrogen Tank2 24.07
Hydrogen Cell1 48.15
;

param sOmc :=
Hydrogen Elec1 5.0
Hydrogen Tank1 1.0
Hydrogen Tank2 1.0
Hydrogen Cell1 5.0
;
