# data for Matouqin OR paper, case 1
# one HyESS, two types of hydrogen tanks
# one BESS
# one CAESS

param nHrs :=
8784
;

param intv :=
1
;

set R :=
BESS
HyESS
CAESS
;

set E[HyESS] :=
EL
;

set E[CAESS] :=
COMP
;

set S[BESS] :=
BAT
;

set S[HyESS] :=
HT1
HT2
;

set S[CAESS] :=
CAT
;

set X[HyESS] :=
FC
;

set X[CAESS] :=
AE
;

param ePrice :=
7008
;

param eBprice :=
2.4
;

param eSprice :=
-0.001
;

param inflow :=
0	19.5
1	30.6
2	34.5
3	34.65
4	34.25
5	33.55
6	32.55
7	31.15
8	19.75
9	16.5
10	8.45
11	10.55
12	20.5
13	24.75
14	27.2
15	27.3
16	22.1
17	18.9
18	18
19	18.25
20	19.75
21	22.5
22	26
23	29.3
24	32.7
25	36
26	37.6
27	36.6
28	34.65
29	32.3
30	32.55
31	34.8
32	36
33	29.45
34	29.3
35	38.75
36	40.95
37	41.2
38	41.15
39	40.55
40	34.25
41	28.45
42	26.8
43	25.7
44	25.5
45	26.65
46	26.35
47	26.6
48	26.8
49	26.2
50	23.75
51	21.45
52	20.35
53	19.45
54	19.35
55	22.4
56	27.4
57	23.55
58	17.55
59	24.15
60	32.9
61	33.45
62	33.95
63	31.95
64	27.95
65	32.35
66	34.7
67	35.7
68	36.9
69	39.05
70	40.7
71	42.15
72	43.3
73	43.9
74	44
75	44.15
76	44.1
77	43.2
78	41.7
79	40.35
80	38.95
81	30.9
82	25.6
83	27.9
84	33
85	34.5
86	33.1
87	29.85
88	21.7
89	14.75
90	10.1
91	7.35
92	6.7
93	9
94	13.2
95	18.2
96	24.2
97	29.7
98	33.9
99	36.7
100	38.55
101	38.6
102	37.6
103	36.35
104	33.7
105	22.5
106	10.45
107	16.1
108	28.5
109	36.55
110	40.3
111	40.6
112	35.85
113	30.3
114	28.55
115	29.25
116	31.15
117	32.3
118	31.45
119	29.6
120	27.05
121	25.35
122	24.5
123	23.5
124	21.95
125	21.05
126	20.9
127	20.65
128	17.85
129	9.9
130	8
131	6.5
132	6.35
133	6.8
134	7
135	6.9
136	6.35
137	4.9
138	3.1
139	1.3
140	0.25
141	0
142	0.05
143	0.5
144	1.45
145	2.6
146	3.7
147	5.05
148	6.4
149	6.35
150	5.3
151	5
152	6.4
153	6.05
154	4.65
155	9.8
156	12.4
157	12.9
158	13.4
159	13.5
160	12.05
161	10.85
162	9.9
163	10.35
164	11.85
165	13.85
166	15.6
167	17.65
168	19.65
169	20.45
170	20.05
171	19.5
172	20.05
173	19.15
174	15.65
175	11.95
176	9.15
177	6.3
178	2.95
179	3.2
180	7.05
181	12.25
182	19.2
183	22.45
184	21.85
185	21.2
186	18.65
187	14.95
188	14.5
189	16.65
190	20.25
191	25.7
192	29.85
193	31.25
194	30.1
195	29.3
196	28.7
197	28.55
198	28.25
199	27.55
200	25.4
201	19.4
202	17.1
203	14.65
204	11.4
205	10
206	8.65
207	6.85
208	5.1
209	4.55
210	3.45
211	1.85
212	0.65
213	0.1
214	0.05
215	0.5
216	3.3
217	8.2
218	14.1
219	20
220	24.85
221	28.5
222	31.9
223	34.35
224	34
225	23.7
226	14.15
227	12.6
228	21.8
229	26.55
230	28.2
231	26.05
232	22.55
233	25.95
234	29
235	31.95
236	34.6
237	36.55
238	37.55
239	38.3
240	38.55
241	37.9
242	37
243	36.7
244	36.45
245	35.6
246	34.15
247	32.4
248	30.8
249	22.9
250	9.05
251	4.1
252	6
253	11
254	13.8
255	13.6
256	11
257	10.15
258	8.95
259	7.8
260	6.85
261	6.75
262	8.1
263	11
264	14.25
265	16.4
266	17.5
267	19.05
268	20.5
269	20.55
270	17.85
271	13.9
272	10.65
273	7.95
274	3.75
275	1.45
276	1.45
277	3.05
278	2.4
279	1.5
280	1.1
281	1.25
282	2.7
283	6.5
284	13.5
285	21.2
286	26.2
287	27.9
288	28.6
289	30.15
290	32.45
291	34.45
292	34.25
293	32.55
294	31.45
295	31.05
296	30.5
297	26.3
298	20.25
299	28.45
300	40
301	43.45
302	44.75
303	45.25
304	44.25
305	42.9
306	41.75
307	40.1
308	38.55
309	36.9
310	34.5
311	31.6
312	28.45
313	25.35
314	21.8
315	18.1
316	14.65
317	11.55
318	8.85
319	6.55
320	4.45
321	1.65
322	0.75
323	0.05
324	0
325	0
326	0
327	0
328	0
329	0.15
330	0.7
331	1.65
332	2.4
333	3.05
334	3.75
335	4.15
336	4.05
337	3.4
338	2.6
339	2
340	2.1
341	3.3
342	5.45
343	6.25
344	5.4
345	3.2
346	1.15
347	1.95
348	5.75
349	6
350	6
351	7.05
352	9.8
353	14.1
354	16.7
355	15.95
356	14.35
357	14.1
358	15.65
359	18.3
360	20
361	19.55
362	18.3
363	18.25
364	19.05
365	19.65
366	18.8
367	15.75
368	9.9
369	4.4
370	3.4
371	8.9
372	14.55
373	15.7
374	13.55
375	10.65
376	8.9
377	9.7
378	11.5
379	13.55
380	14.95
381	15.65
382	15.15
383	14.55
384	14.25
385	13.7
386	12.45
387	10.35
388	8.05
389	4.7
390	1.85
391	0.5
392	0.05
393	0
394	0
395	0
396	0
397	0
398	0.1
399	0.15
400	0.05
401	0
402	0.05
403	0.3
404	0.95
405	1.95
406	3.65
407	5.1
408	5.95
409	6.75
410	7.2
411	6.5
412	4.85
413	2.9
414	1.9
415	2.6
416	4.85
417	5.4
418	7.3
419	13.5
420	17.1
421	17
422	16.85
423	16.15
424	13.55
425	12.75
426	12.05
427	11.15
428	12.05
429	13.8
430	14.65
431	13.7
432	14.55
433	16.95
434	19.4
435	19.5
436	19.5
437	19.5
438	19.85
439	21.55
440	21.35
441	29.45
442	34.25
443	35.6
444	35.05
445	32.25
446	28.2
447	23.05
448	16.25
449	15.6
450	20.15
451	24.3
452	30.05
453	32.95
454	35.85
455	34.85
456	35.5
457	38.55
458	41.1
459	40.55
460	39.3
461	37.55
462	34.9
463	31.7
464	31.35
465	31.55
466	27.5
467	26.8
468	29.45
469	33.2
470	35.9
471	37.35
472	38
473	37
474	31.95
475	27.5
476	26
477	24.85
478	23.55
479	22.9
480	20.85
481	20.6
482	21.4
483	23.1
484	23.7
485	23.6
486	23.55
487	23.45
488	29
489	36.7
490	36.1
491	36.2
492	37.05
493	38.05
494	39.05
495	39.9
496	39.9
497	37.7
498	30.6
499	22.3
500	19.05
501	18.3
502	16.8
503	14.65
504	12.15
505	8.85
506	6.85
507	6.25
508	6.65
509	6.4
510	5.95
511	5.75
512	4.05
513	3.2
514	3.7
515	3.2
516	2.9
517	3.15
518	3.75
519	4.9
520	7.1
521	9.05
522	10.25
523	10
524	9.95
525	11.15
526	13.7
527	16.35
528	16.3
529	14.8
530	13.9
531	13.4
532	12.75
533	12.3
534	12.75
535	14.15
536	12.95
537	9.3
538	8.95
539	9.4
540	9.9
541	10.75
542	11.5
543	12.8
544	14.45
545	15.3
546	17.7
547	20
548	22.4
549	24
550	25.1
551	26.35
552	27.2
553	27.5
554	27.45
555	27.4
556	27.6
557	26.35
558	24.5
559	23.15
560	18.75
561	9.5
562	8.7
563	9.45
564	10.55
565	12.7
566	14.9
567	17.2
568	19.05
569	20.3
570	22.8
571	22.15
572	21.05
573	20.95
574	22.3
575	24.7
576	27.95
577	30.8
578	32.2
579	32.4
580	32.3
581	30.7
582	28.1
583	25.25
584	19.55
585	9.6
586	13.75
587	13.9
588	14.5
589	17.1
590	19.35
591	20.25
592	21.2
593	19.5
594	19.2
595	18.2
596	17.85
597	18.7
598	20.35
599	23.25
600	26
601	26.2
602	24.7
603	23.4
604	22.75
605	20.75
606	17.4
607	14.35
608	11.4
609	5.45
610	2.55
611	2.65
612	3.55
613	5.1
614	6.65
615	7.85
616	8.65
617	9.6
618	10.4
619	9.85
620	9.05
621	9.55
622	12
623	16.9
624	22.5
625	25.7
626	26.2
627	25.5
628	24.75
629	23.55
630	22.1
631	20.75
632	17.3
633	7.45
634	3.85
635	6
636	7.05
637	9.35
638	11.65
639	13
640	12.05
641	9.85
642	8.4
643	6.6
644	4.95
645	4
646	4.1
647	5.65
648	8.7
649	13.25
650	18.45
651	23.75
652	27.9
653	30.25
654	31.15
655	30.85
656	27.55
657	13.8
658	4.65
659	7.65
660	8.95
661	8.7
662	8.45
663	7.6
664	5.95
665	3.45
666	1.25
667	0.3
668	0.05
669	0
670	0
671	0.05
672	0.25
673	0.85
674	1.55
675	1.85
676	1.8
677	1.9
678	2.5
679	4.2
680	7.35
681	7.55
682	5.35
683	13.85
684	17.25
685	19.4
686	20.75
687	21.2
688	17.55
689	16.2
690	17.55
691	21.45
692	27.7
693	33.4
694	36.6
695	37.8
696	37.1
697	34.15
698	31.05
699	26.5
700	20.2
701	15.75
702	12.45
703	10.25
704	8.25
705	5.15
706	4.35
707	7.3
708	10.55
709	14.65
710	18.15
711	18.8
712	17.55
713	17.65
714	20.4
715	20.6
716	18
717	13.75
718	9.05
719	7.45
720	8
721	10.2
722	13.4
723	14.15
724	12.2
725	10.85
726	11.45
727	14.1
728	15.15
729	10.9
730	8
731	9.4
732	10.55
733	9.65
734	9.1
735	10.2
736	12.75
737	15.4
738	20.75
739	20.75
740	20.6
741	20.05
742	18.7
743	18.5
744	20.1
745	20.4
746	18.65
747	15.1
748	11.4
749	7.45
750	5.45
751	5.25
752	5.9
753	8.95
754	15.2
755	18.65
756	18.45
757	14.25
758	9.9
759	6.85
760	4.85
761	4
762	6
763	9.75
764	13.45
765	15.65
766	18.2
767	19.75
768	18
769	14.3
770	12
771	11.25
772	8.5
773	4.3
774	2.4
775	2.5
776	3.05
777	3.3
778	4.3
779	4.15
780	3.3
781	2.75
782	2.8
783	3.4
784	3.4
785	3.45
786	4.7
787	5.7
788	6.3
789	6.95
790	7.5
791	6.7
792	5.05
793	4.05
794	4.45
795	6.05
796	7.6
797	7.65
798	7.25
799	6.35
800	4.5
801	2.1
802	3.45
803	4.15
804	3.6
805	3.05
806	1.85
807	1.1
808	1.45
809	3.8
810	8.6
811	11.5
812	7.95
813	4.05
814	2.05
815	1.45
816	1.2
817	1.3
818	2.6
819	4.25
820	5.65
821	6.6
822	8.6
823	11.45
824	11.75
825	13.75
826	20.45
827	26.9
828	30.15
829	29.75
830	27.95
831	26.45
832	23.95
833	19.65
834	20.6
835	21.45
836	22.05
837	20.75
838	17.4
839	14.3
840	11.05
841	8.05
842	6
843	5.05
844	5.15
845	3.65
846	1.75
847	0.7
848	0.6
849	0.6
850	0.45
851	0.7
852	2.55
853	5.5
854	8.25
855	10.15
856	11.95
857	14.15
858	17.15
859	16.8
860	15.25
861	13.2
862	11.9
863	12.75
864	14.9
865	16.7
866	17.1
867	16.7
868	15.1
869	13.05
870	11.55
871	10.65
872	7.85
873	7.5
874	7.8
875	7.1
876	6.75
877	7
878	7.55
879	7.85
880	8.35
881	8.15
882	7.85
883	7.2
884	6.45
885	6.65
886	7.75
887	9.95
888	12.05
889	12.65
890	11.6
891	10.15
892	8.75
893	7.05
894	5.3
895	3.45
896	1.45
897	0.3
898	0.1
899	0
900	0
901	0
902	0
903	0.05
904	0.1
905	0.35
906	1.3
907	2.15
908	2.1
909	1.5
910	0.85
911	0.45
912	0.2
913	0.1
914	0.05
915	0.05
916	0.1
917	0.3
918	0.85
919	1.95
920	2.95
921	2.25
922	4.1
923	5.6
924	7.8
925	10.75
926	13.25
927	15.1
928	16.45
929	13.25
930	10.2
931	7
932	4.6
933	4.1
934	6.35
935	13.9
936	23.9
937	31.55
938	36.8
939	38.85
940	38.85
941	37.15
942	35.25
943	33.1
944	24.6
945	12.85
946	18.5
947	22.55
948	26.4
949	30.2
950	32.7
951	33.1
952	29.35
953	24
954	22.9
955	19.65
956	17.05
957	19.4
958	26.65
959	30.4
960	26.55
961	20.5
962	14.95
963	14.1
964	15.8
965	16.95
966	17.25
967	19.2
968	18.35
969	20.45
970	26.55
971	28.1
972	30.45
973	33.8
974	34.4
975	33.2
976	31.45
977	26.3
978	22.9
979	19.3
980	16.7
981	15.9
982	17.65
983	22.3
984	26.5
985	29
986	30.8
987	31.9
988	31.6
989	28.1
990	23.4
991	19.5
992	15
993	6.55
994	3.75
995	9
996	11.3
997	12.6
998	13.55
999	13.95
1000	11.4
1001	11.05
1002	13.6
1003	18.15
1004	23.7
1005	29.4
1006	34.35
1007	37.4
1008	38.85
1009	39.55
1010	40.05
1011	40.35
1012	40.3
1013	39.65
1014	39.05
1015	38.3
1016	33.6
1017	18.1
1018	7.6
1019	11.15
1020	24.3
1021	27.6
1022	30.7
1023	28.8
1024	24.8
1025	28.65
1026	31.25
1027	32.75
1028	33.15
1029	32.55
1030	31
1031	29.15
1032	27.95
1033	27.5
1034	27.2
1035	26.6
1036	25.35
1037	23.6
1038	21.35
1039	18.5
1040	15.4
1041	9.2
1042	3.3
1043	2.7
1044	10.75
1045	15.5
1046	16.25
1047	12.45
1048	9.65
1049	10.55
1050	15.6
1051	23.55
1052	29.7
1053	30.1
1054	28.2
1055	33.3
1056	37.55
1057	36.45
1058	34.15
1059	32.6
1060	30.4
1061	26.95
1062	20.65
1063	14.8
1064	14.4
1065	16.35
1066	21.05
1067	27.05
1068	31.95
1069	33.55
1070	32.35
1071	32.85
1072	34.9
1073	32.7
1074	31.6
1075	32.7
1076	37.6
1077	40.55
1078	39.15
1079	34.3
1080	29.3
1081	26.45
1082	25.6
1083	25.1
1084	24.2
1085	22.1
1086	19.7
1087	17.55
1088	12.35
1089	6
1090	13.15
1091	16.5
1092	19.35
1093	22.95
1094	26.8
1095	29.85
1096	29.65
1097	28.25
1098	34.9
1099	38.95
1100	40.6
1101	40.9
1102	40.65
1103	39.85
1104	39.15
1105	39.45
1106	40.35
1107	40.9
1108	40.9
1109	40.95
1110	40.75
1111	40.1
1112	33.85
1113	23.3
1114	20.6
1115	30.15
1116	35.5
1117	39.05
1118	39.05
1119	36.05
1120	30.05
1121	30.6
1122	32.05
1123	33.9
1124	36.35
1125	38.7
1126	40.75
1127	41.85
1128	42.3
1129	42.15
1130	40.9
1131	38.6
1132	36.05
1133	32.15
1134	27.95
1135	26.25
1136	25.95
1137	21.55
1138	17.8
1139	19.5
1140	23.7
1141	31.95
1142	40.05
1143	44.4
1144	43.65
1145	44.45
1146	46.65
1147	46.45
1148	46.05
1149	45.5
1150	45.4
1151	43.65
1152	36.7
1153	31.4
1154	34.65
1155	39.7
1156	43.95
1157	45.95
1158	48.7
1159	49.35
1160	49.5
1161	49.35
1162	48.2
1163	47.7
1164	47.75
1165	47.1
1166	46.75
1167	45.6
1168	44.4
1169	43.95
1170	41.85
1171	42.95
1172	43.15
1173	41.65
1174	38.35
1175	34.35
1176	30.65
1177	26.3
1178	22.3
1179	19.45
1180	18.6
1181	17.4
1182	13.4
1183	10.75
1184	10.8
1185	7.55
1186	5.75
1187	4.5
1188	3.45
1189	3.05
1190	4.05
1191	8.05
1192	10.4
1193	13.25
1194	16.5
1195	22
1196	27.85
1197	30.6
1198	31.95
1199	30.7
1200	29.25
1201	31.1
1202	38.45
1203	41.3
1204	39.65
1205	39.25
1206	31.85
1207	25.5
1208	22.55
1209	23.55
1210	23.75
1211	22.9
1212	18.4
1213	13.6
1214	9.85
1215	6.15
1216	4.3
1217	6.45
1218	9.9
1219	10.35
1220	9.7
1221	9.9
1222	10.8
1223	13.65
1224	17.3
1225	19.5
1226	20.8
1227	21.05
1228	22.9
1229	27.1
1230	31.65
1231	35.4
1232	37.7
1233	37.85
1234	36.45
1235	36.5
1236	37.7
1237	37.75
1238	36.3
1239	33.2
1240	29.75
1241	28.45
1242	27.05
1243	27.6
1244	27.55
1245	27.55
1246	25.95
1247	23.5
1248	22
1249	20.85
1250	20.75
1251	19.4
1252	16.05
1253	13.25
1254	12.45
1255	11
1256	18.45
1257	14.5
1258	9.6
1259	7.4
1260	4.45
1261	2.5
1262	2.05
1263	2.8
1264	4.45
1265	5.2
1266	3.4
1267	1.35
1268	0.5
1269	0.3
1270	0.35
1271	0.65
1272	1.15
1273	1.15
1274	0.55
1275	0.4
1276	1.3
1277	0.55
1278	0.05
1279	0.05
1280	0
1281	0
1282	0
1283	0.05
1284	0.15
1285	0.3
1286	0.35
1287	0.25
1288	0.2
1289	0.2
1290	0.4
1291	0.5
1292	1
1293	1.75
1294	3.5
1295	4.5
1296	4
1297	3.95
1298	4.95
1299	5.4
1300	5.9
1301	6.7
1302	6.1
1303	6
1304	7
1305	8.55
1306	7.3
1307	6.05
1308	5.45
1309	5.15
1310	4.8
1311	4.75
1312	5.45
1313	6.15
1314	7.3
1315	7.7
1316	7.8
1317	7.7
1318	7.65
1319	7.4
1320	6.7
1321	6.3
1322	6.45
1323	6.75
1324	5.55
1325	3.25
1326	1.55
1327	0.95
1328	0.3
1329	0
1330	0.05
1331	0.2
1332	0.2
1333	0.2
1334	0.25
1335	0.3
1336	0.4
1337	0.95
1338	2.15
1339	2.95
1340	3.5
1341	3.85
1342	4.2
1343	4.65
1344	5.4
1345	5.4
1346	4.3
1347	3.55
1348	3.2
1349	3.05
1350	3.95
1351	6.35
1352	7.65
1353	11.05
1354	18.55
1355	24.85
1356	28.3
1357	30.3
1358	32.15
1359	33.6
1360	33.4
1361	24.85
1362	18.1
1363	17.25
1364	17.8
1365	18.7
1366	17.85
1367	22.05
1368	20.3
1369	20.05
1370	17.4
1371	11.6
1372	6.6
1373	3.55
1374	3.3
1375	3.8
1376	2.9
1377	1.7
1378	2.55
1379	6.85
1380	11.45
1381	14.15
1382	15.8
1383	15.5
1384	15.1
1385	13.25
1386	9.95
1387	8.2
1388	7.4
1389	6.85
1390	6.25
1391	6.1
1392	6.35
1393	6.25
1394	5.8
1395	5.5
1396	5.8
1397	6.85
1398	7.55
1399	7.45
1400	5.3
1401	4.85
1402	3.6
1403	3.2
1404	3.25
1405	4.25
1406	6.6
1407	9.9
1408	13.15
1409	16.25
1410	15.45
1411	14.25
1412	14.45
1413	16.7
1414	20.25
1415	24.15
1416	24.65
1417	22.15
1418	20.1
1419	18.85
1420	17.85
1421	16.25
1422	14.2
1423	12.3
1424	12.75
1425	12.1
1426	13.4
1427	15
1428	16.6
1429	18.55
1430	20.35
1431	21.05
1432	20.85
1433	19.5
1434	15.8
1435	14.65
1436	14.65
1437	13.75
1438	12.8
1439	12.85
1440	12.35
1441	11.55
1442	11.9
1443	13.65
1444	16.3
1445	19.15
1446	22.1
1447	24.05
1448	16.25
1449	19.65
1450	29.65
1451	32.35
1452	34.55
1453	37.05
1454	39.4
1455	41.2
1456	42.3
1457	40.75
1458	38.55
1459	39.45
1460	40.25
1461	40.65
1462	40.65
1463	40
1464	38.85
1465	37.8
1466	38.1
1467	38.1
1468	37.5
1469	36.4
1470	35.25
1471	32.75
1472	20
1473	12.95
1474	31.05
1475	31.05
1476	32.65
1477	34.5
1478	36.05
1479	36.15
1480	34.35
1481	28.65
1482	25.95
1483	24
1484	22.9
1485	21.95
1486	20.25
1487	18.5
1488	16.05
1489	12.35
1490	8.6
1491	5.2
1492	3.1
1493	1.55
1494	1
1495	2.3
1496	4.25
1497	3.45
1498	10
1499	15.7
1500	22.2
1501	25.8
1502	25.85
1503	22.75
1504	18.15
1505	15.25
1506	19.8
1507	26.8
1508	33.75
1509	37.8
1510	39.85
1511	39.55
1512	35.9
1513	35
1514	33.65
1515	29.2
1516	22.45
1517	18
1518	17.55
1519	17.05
1520	12.7
1521	14.65
1522	13.45
1523	10.8
1524	11.5
1525	12.65
1526	11.95
1527	9.65
1528	5.6
1529	2.3
1530	1.4
1531	1.1
1532	1.1
1533	1.6
1534	2.2
1535	4.05
1536	5.35
1537	5.6
1538	6.8
1539	9.45
1540	13.55
1541	22.1
1542	28.8
1543	23.7
1544	23.4
1545	22.3
1546	21.95
1547	20.5
1548	19.25
1549	20.85
1550	24.7
1551	29.15
1552	31.4
1553	30.3
1554	26.2
1555	19.65
1556	14.9
1557	11.55
1558	8.05
1559	4.95
1560	2.45
1561	0.9
1562	0.25
1563	0.1
1564	0.1
1565	0.1
1566	0.15
1567	0.25
1568	0.8
1569	4.6
1570	8.1
1571	11.6
1572	16.4
1573	21.35
1574	24.6
1575	26.2
1576	26.2
1577	23.35
1578	21.7
1579	19.1
1580	19.1
1581	26.4
1582	38.65
1583	44.75
1584	44.7
1585	42.8
1586	41.45
1587	41.6
1588	40.95
1589	40.35
1590	39.75
1591	38.8
1592	45.65
1593	46.95
1594	46.35
1595	45.35
1596	44
1597	42.7
1598	41.6
1599	40.2
1600	37.8
1601	31.4
1602	22.9
1603	16.5
1604	9.55
1605	3.7
1606	0.6
1607	0.05
1608	0
1609	0
1610	0.15
1611	1.05
1612	2.55
1613	2.75
1614	3.2
1615	4.9
1616	4.85
1617	5.15
1618	5.25
1619	5.7
1620	6.8
1621	7.65
1622	7.95
1623	7.55
1624	5.95
1625	2.95
1626	0.9
1627	0.85
1628	2.4
1629	5.95
1630	10.8
1631	14.45
1632	15.1
1633	13.15
1634	9.8
1635	6.4
1636	4.2
1637	2.55
1638	1.25
1639	0.55
1640	0.2
1641	0
1642	0.05
1643	0.2
1644	0.9
1645	2.25
1646	3.6
1647	4.45
1648	4.35
1649	3.3
1650	2.25
1651	1.7
1652	1.2
1653	0.6
1654	0.25
1655	0.05
1656	0.15
1657	2.1
1658	7.95
1659	16.7
1660	25.85
1661	31.9
1662	34
1663	33.1
1664	27.2
1665	19.2
1666	28
1667	38.2
1668	39.9
1669	41.3
1670	42.35
1671	42.1
1672	38.95
1673	32.7
1674	30.75
1675	31.6
1676	33.8
1677	35.15
1678	35
1679	34.85
1680	34.9
1681	36.35
1682	35.7
1683	33.15
1684	31.15
1685	30.5
1686	30.7
1687	27.35
1688	27.95
1689	34.25
1690	35.95
1691	36.75
1692	37.15
1693	37.7
1694	38.4
1695	38.8
1696	38.3
1697	34.9
1698	33.3
1699	34.7
1700	34.25
1701	31.6
1702	27.3
1703	19.5
1704	11.65
1705	6.9
1706	4.2
1707	2.6
1708	2
1709	2
1710	2.65
1711	2.2
1712	1.7
1713	2.05
1714	2.75
1715	5.3
1716	8.95
1717	11.45
1718	11.9
1719	11.95
1720	10.8
1721	5.3
1722	1.1
1723	0.15
1724	0.05
1725	0.05
1726	0.15
1727	0.35
1728	0.7
1729	0.8
1730	0.7
1731	0.4
1732	0.25
1733	0.35
1734	0.5
1735	0.65
1736	0.5
1737	0.15
1738	0.2
1739	1.3
1740	3.75
1741	6.8
1742	9.65
1743	11.4
1744	11.55
1745	9.3
1746	5.85
1747	2.3
1748	0.45
1749	0.05
1750	0.05
1751	0.65
1752	2.3
1753	4.8
1754	7.7
1755	10.65
1756	13.45
1757	16.55
1758	20
1759	22.3
1760	15.9
1761	14.05
1762	33.1
1763	35.25
1764	36.4
1765	37.1
1766	37
1767	35.85
1768	33.8
1769	30.15
1770	34.7
1771	38.2
1772	39.95
1773	41
1774	42.4
1775	43.95
1776	45.2
1777	44.8
1778	43.7
1779	41.75
1780	40.1
1781	39.15
1782	38.3
1783	35.2
1784	27.7
1785	40.1
1786	47.7
1787	48.5
1788	48.6
1789	48.45
1790	48.15
1791	47.85
1792	46.95
1793	43.65
1794	38.95
1795	37.85
1796	36.5
1797	42
1798	43.2
1799	43.55
1800	43.45
1801	43.35
1802	42.8
1803	41.5
1804	39.85
1805	37.4
1806	35.45
1807	29.35
1808	23
1809	33.7
1810	35.85
1811	39.25
1812	41.6
1813	42.55
1814	42.35
1815	41.3
1816	38.95
1817	33.35
1818	28.1
1819	27.5
1820	26.4
1821	22.3
1822	20.3
1823	18.7
1824	15.8
1825	14.9
1826	13.55
1827	12.05
1828	11.1
1829	10.55
1830	8.55
1831	5
1832	1.85
1833	2.05
1834	2.95
1835	5.15
1836	9.3
1837	16.25
1838	22.95
1839	27.6
1840	27.75
1841	23.55
1842	24.15
1843	28.7
1844	33.95
1845	37.8
1846	41
1847	42.95
1848	41.8
1849	40.75
1850	39.65
1851	39.15
1852	39.9
1853	40.75
1854	41.45
1855	38.1
1856	44.65
1857	49.05
1858	49.25
1859	49.2
1860	49.2
1861	49.3
1862	49.4
1863	49.45
1864	49.4
1865	49.1
1866	47.9
1867	46.4
1868	44.25
1869	40.85
1870	34.8
1871	26.2
1872	16.8
1873	10.85
1874	9.85
1875	13.8
1876	21.35
1877	27.5
1878	30.3
1879	24.9
1880	18.6
1881	38.4
1882	38.4
1883	38.3
1884	38.35
1885	38.4
1886	38.1
1887	36.85
1888	34.15
1889	27.55
1890	22.2
1891	15.8
1892	9.3
1893	5
1894	2.6
1895	1.45
1896	1
1897	1
1898	1.1
1899	1.45
1900	2.3
1901	4.2
1902	7.65
1903	9.9
1904	7.05
1905	18.65
1906	34.95
1907	39.2
1908	40.7
1909	41.1
1910	41.15
1911	40.25
1912	37.3
1913	27.35
1914	18.5
1915	12.75
1916	12.2
1917	14.9
1918	18.35
1919	21.55
1920	23.1
1921	21.35
1922	17.4
1923	13.7
1924	11.5
1925	12.05
1926	15.7
1927	20
1928	14.1
1929	6.6
1930	6.5
1931	12.25
1932	20.15
1933	32.3
1934	41.65
1935	47.2
1936	49
1937	48.6
1938	47.75
1939	47.2
1940	46.5
1941	45.85
1942	44.35
1943	41.2
1944	35.75
1945	26.35
1946	15.9
1947	9.95
1948	7.15
1949	5.4
1950	4.2
1951	2.8
1952	0.85
1953	0.4
1954	0.2
1955	0.2
1956	0.2
1957	0.35
1958	0.45
1959	0.55
1960	0.3
1961	0
1962	0.45
1963	7.65
1964	20.3
1965	28.15
1966	30.45
1967	31.75
1968	32.85
1969	31.2
1970	29.45
1971	30.6
1972	33
1973	31.65
1974	26.5
1975	20.75
1976	6.95
1977	1.8
1978	0.25
1979	0.1
1980	0.15
1981	0.1
1982	0.1
1983	0.05
1984	0.05
1985	0.45
1986	2.2
1987	4.45
1988	5.85
1989	5.55
1990	3.95
1991	1.95
1992	0.8
1993	0.15
1994	0
1995	0.1
1996	0.15
1997	0.1
1998	0.05
1999	0.05
2000	0.15
2001	0.4
2002	1
2003	1.3
2004	0.55
2005	0.1
2006	0
2007	0
2008	0.15
2009	0.6
2010	5.65
2011	11.45
2012	14.25
2013	16
2014	16.9
2015	14.9
2016	12.85
2017	11.3
2018	7.65
2019	4.3
2020	3.4
2021	2.45
2022	1.75
2023	1.2
2024	0.45
2025	0.1
2026	0
2027	0.25
2028	1.6
2029	4.65
2030	9.05
2031	13.25
2032	15.5
2033	11.5
2034	5.5
2035	3.1
2036	5.9
2037	13.55
2038	22.25
2039	28.55
2040	28.25
2041	20.85
2042	14.8
2043	11.05
2044	8.9
2045	7.8
2046	8.65
2047	11.05
2048	8.2
2049	10.75
2050	25.1
2051	24.3
2052	23.45
2053	25.5
2054	27.7
2055	29.9
2056	30.45
2057	27.25
2058	27.45
2059	30.25
2060	32.8
2061	34.65
2062	35.05
2063	35.4
2064	37.1
2065	38.65
2066	35.95
2067	35.45
2068	37.9
2069	40.25
2070	34.6
2071	26.3
2072	26.95
2073	43.15
2074	47.85
2075	48.4
2076	49.15
2077	49.5
2078	49.55
2079	49.5
2080	49.5
2081	49.5
2082	48.3
2083	46.2
2084	44.2
2085	43.1
2086	42
2087	39.3
2088	35.25
2089	30.4
2090	24.8
2091	18.7
2092	12.15
2093	6.9
2094	3.45
2095	1.45
2096	2.2
2097	7.2
2098	18.6
2099	36.55
2100	45.55
2101	48.65
2102	49.5
2103	49.55
2104	49.35
2105	49.4
2106	49.3
2107	46.2
2108	44.15
2109	44.1
2110	40.15
2111	31.65
2112	24.3
2113	18.65
2114	12.3
2115	6.1
2116	1.95
2117	0.5
2118	0.1
2119	0.05
2120	0
2121	1.45
2122	8.6
2123	24
2124	37.75
2125	43.9
2126	46.45
2127	47.15
2128	46
2129	40.85
2130	41.1
2131	45.35
2132	43.7
2133	39.15
2134	38
2135	38.55
2136	37.3
2137	32.55
2138	24.3
2139	14.35
2140	6.3
2141	2.2
2142	0.65
2143	0.4
2144	0.75
2145	0.95
2146	4.25
2147	9.95
2148	16.25
2149	21.85
2150	26.3
2151	28.8
2152	29.55
2153	27.4
2154	25.45
2155	25.75
2156	27.4
2157	30.65
2158	32.35
2159	29.1
2160	20.85
2161	11.7
2162	7.1
2163	6.45
2164	6.4
2165	5.65
2166	5.1
2167	4.6
2168	1.65
2169	0.15
2170	0.55
2171	1.2
2172	3.65
2173	6.9
2174	8.85
2175	9.65
2176	9.75
2177	8.35
2178	13.05
2179	25.95
2180	36.8
2181	42.05
2182	44.15
2183	44.95
2184	45.3
2185	45.85
2186	46.15
2187	45.95
2188	45
2189	43.65
2190	42.35
2191	38.25
2192	31.5
2193	32.45
2194	39.65
2195	39.85
2196	36.55
2197	29.25
2198	18.85
2199	10.55
2200	5.25
2201	3.4
2202	5.25
2203	14.3
2204	32.2
2205	40.25
2206	40
2207	34.9
2208	28.85
2209	23.7
2210	19.8
2211	22.75
2212	30.15
2213	34.7
2214	35
2215	27.65
2216	29.8
2217	36.6
2218	35.9
2219	30.65
2220	24.15
2221	18.25
2222	14.9
2223	17.05
2224	24
2225	27.05
2226	21.8
2227	14.65
2228	13.25
2229	12.45
2230	10.55
2231	11
2232	12.45
2233	17.85
2234	27.2
2235	29.45
2236	27.2
2237	23.75
2238	15.75
2239	7.1
2240	5.2
2241	4.35
2242	1.9
2243	0.85
2244	0.55
2245	0.35
2246	0.1
2247	0.05
2248	0
2249	0
2250	0.05
2251	1.5
2252	6.5
2253	13.35
2254	19.5
2255	24.95
2256	29
2257	29
2258	26.55
2259	23.8
2260	21.4
2261	18.7
2262	15.65
2263	8.85
2264	3.2
2265	3.75
2266	4.3
2267	7.75
2268	15.1
2269	21.7
2270	26
2271	26.85
2272	25.05
2273	21.2
2274	14
2275	10.25
2276	11.15
2277	13.25
2278	15.8
2279	19.4
2280	21.2
2281	20.1
2282	18.5
2283	17.25
2284	16.35
2285	14.35
2286	11.65
2287	9.15
2288	4.9
2289	6
2290	3.85
2291	1.95
2292	1.5
2293	1.55
2294	1.65
2295	1.35
2296	0.95
2297	1.1
2298	1.5
2299	1.3
2300	1.05
2301	2.5
2302	5.8
2303	12
2304	21.05
2305	29.05
2306	32.45
2307	29.55
2308	22.85
2309	15.3
2310	8.1
2311	2.8
2312	0
2313	0
2314	0.05
2315	0.05
2316	0
2317	0
2318	0
2319	0
2320	0
2321	0
2322	0.15
2323	1.25
2324	2
2325	2.05
2326	1.65
2327	1.55
2328	1.5
2329	0.9
2330	0.3
2331	0.15
2332	0.15
2333	0.1
2334	0
2335	0.05
2336	0.25
2337	1.9
2338	3.05
2339	3.45
2340	3.9
2341	4.1
2342	3.1
2343	2.45
2344	2.85
2345	4.1
2346	7.25
2347	8.85
2348	7.3
2349	7
2350	8.05
2351	7.05
2352	4.75
2353	3.6
2354	2.65
2355	1.95
2356	1.95
2357	2.55
2358	3.2
2359	1.4
2360	0.25
2361	0.15
2362	0.55
2363	1.05
2364	1.55
2365	3.25
2366	6.85
2367	9.15
2368	10.9
2369	10.55
2370	9.2
2371	8.95
2372	7.7
2373	5.45
2374	3.3
2375	2.65
2376	3.05
2377	3.45
2378	4.7
2379	6.65
2380	8.15
2381	7.85
2382	7
2383	5.6
2384	2.8
2385	6.2
2386	14.85
2387	19.8
2388	23.75
2389	26.2
2390	24.75
2391	21.85
2392	18.35
2393	12.45
2394	8.1
2395	4.9
2396	4.3
2397	4.45
2398	5.05
2399	7.7
2400	11.5
2401	10.6
2402	10.25
2403	12.8
2404	15.45
2405	16.55
2406	18.7
2407	15.1
2408	18
2409	21.6
2410	17.1
2411	15.8
2412	18.65
2413	23.1
2414	27.6
2415	31.05
2416	33.5
2417	32.85
2418	29.95
2419	34.35
2420	38.35
2421	40.75
2422	41.2
2423	41.15
2424	41.45
2425	42.25
2426	42.8
2427	43.15
2428	43.25
2429	41.6
2430	40.45
2431	30.8
2432	16.9
2433	28.15
2434	33.5
2435	35
2436	39.5
2437	41.6
2438	41.85
2439	40.9
2440	39.05
2441	35.65
2442	33.4
2443	37.95
2444	39.85
2445	38.25
2446	33.2
2447	30.05
2448	29.25
2449	29.85
2450	31.7
2451	32.7
2452	30.75
2453	24.9
2454	15.9
2455	6.7
2456	1.25
2457	1.25
2458	1
2459	1.5
2460	2.8
2461	4.25
2462	5.4
2463	6.75
2464	8.8
2465	8.9
2466	8.05
2467	16.15
2468	30.45
2469	39.75
2470	43.95
2471	46.1
2472	46.35
2473	43.9
2474	41
2475	42.25
2476	40.8
2477	39.05
2478	38.2
2479	32.9
2480	35.6
2481	39.9
2482	44.35
2483	46.6
2484	47.2
2485	46.95
2486	45.95
2487	42.65
2488	37.9
2489	35.9
2490	32.35
2491	15
2492	6.8
2493	6.95
2494	11.35
2495	9.7
2496	4.1
2497	0.55
2498	0.15
2499	2.8
2500	8.25
2501	13.5
2502	16.25
2503	11.9
2504	9.8
2505	16.75
2506	19.3
2507	25.7
2508	32.8
2509	37.35
2510	40.35
2511	43.25
2512	45.5
2513	46.2
2514	44.35
2515	42.35
2516	42.1
2517	40.6
2518	37.7
2519	33.65
2520	29.5
2521	24.6
2522	18.75
2523	14.7
2524	15.35
2525	18.65
2526	22.2
2527	17.1
2528	20.2
2529	29.85
2530	33.85
2531	36.8
2532	38.2
2533	37.95
2534	37.05
2535	35.75
2536	33.6
2537	29.25
2538	22.35
2539	18.05
2540	13
2541	8.55
2542	5.65
2543	3.45
2544	1.9
2545	0.6
2546	0.1
2547	0.15
2548	0.3
2549	1.05
2550	2.85
2551	4.7
2552	3.45
2553	1.85
2554	0.8
2555	1.2
2556	3.95
2557	5.45
2558	4.85
2559	4.2
2560	4.05
2561	2.4
2562	0.45
2563	0.2
2564	0.95
2565	2.05
2566	3
2567	4.45
2568	7.1
2569	9.55
2570	10.7
2571	10.55
2572	8.45
2573	4.45
2574	1.2
2575	0.1
2576	0
2577	0
2578	0.05
2579	0
2580	0
2581	0
2582	0
2583	0
2584	0
2585	0
2586	0.1
2587	0.8
2588	3.15
2589	6.9
2590	11.5
2591	16.8
2592	23.05
2593	26.9
2594	27.7
2595	26.5
2596	26.25
2597	25.35
2598	21.35
2599	11.15
2600	7.9
2601	19.7
2602	25.65
2603	30.4
2604	33.9
2605	36.9
2606	38.2
2607	37.15
2608	35.75
2609	32.55
2610	27.75
2611	26
2612	25.35
2613	25.55
2614	25.15
2615	29.25
2616	32.4
2617	29.25
2618	18.6
2619	7.45
2620	4.4
2621	3
2622	2.95
2623	3.5
2624	7.75
2625	9.55
2626	8.9
2627	12.7
2628	17.85
2629	33.2
2630	44.95
2631	47.8
2632	48.2
2633	48
2634	47.25
2635	45.2
2636	42.05
2637	35.9
2638	30.8
2639	29.15
2640	29.75
2641	30.85
2642	30.55
2643	29.2
2644	27.7
2645	23.1
2646	16.3
2647	7.15
2648	4.15
2649	3.6
2650	3.45
2651	3.7
2652	3.45
2653	2.85
2654	1.9
2655	0.9
2656	0.35
2657	0.1
2658	0.1
2659	1.3
2660	7.15
2661	17.25
2662	27.2
2663	33.2
2664	35.95
2665	37.25
2666	37.8
2667	37.75
2668	37.5
2669	36.9
2670	34.85
2671	25.35
2672	24.3
2673	31.85
2674	29.7
2675	29.8
2676	31.05
2677	31.8
2678	32.4
2679	33.1
2680	33.6
2681	33.75
2682	33.45
2683	36.35
2684	37.15
2685	36.5
2686	26.6
2687	13.55
2688	5.75
2689	2.75
2690	2.2
2691	2
2692	1.65
2693	4.05
2694	11.3
2695	10.25
2696	18.9
2697	38.6
2698	43.45
2699	45.4
2700	47.1
2701	48.25
2702	48.9
2703	49.35
2704	49.55
2705	49.55
2706	49.35
2707	48.25
2708	45.45
2709	42.95
2710	38.55
2711	34.35
2712	30.45
2713	28.95
2714	27.5
2715	25.95
2716	26.15
2717	28.1
2718	27.95
2719	16.05
2720	22.7
2721	22.1
2722	17.45
2723	12.55
2724	10.8
2725	14.15
2726	21.5
2727	27.95
2728	30.3
2729	28.1
2730	20.45
2731	15.45
2732	14
2733	16.5
2734	24.35
2735	33.65
2736	38.5
2737	39.55
2738	38.3
2739	35.7
2740	32.8
2741	30
2742	26.6
2743	15.65
2744	7.9
2745	8.5
2746	14.45
2747	17.25
2748	22.45
2749	27.4
2750	32.3
2751	35.95
2752	37.5
2753	36.35
2754	32
2755	32.8
2756	34.9
2757	35.7
2758	35.05
2759	34.7
2760	35.75
2761	37
2762	37.9
2763	38.35
2764	38.45
2765	37.2
2766	34.8
2767	25.85
2768	11.6
2769	18
2770	24.5
2771	25.5
2772	28.85
2773	33.15
2774	35.55
2775	35.65
2776	33.3
2777	28.25
2778	19.25
2779	14.6
2780	10.8
2781	6.65
2782	2.65
2783	0.45
2784	3.6
2785	19.65
2786	34.95
2787	40.4
2788	41.65
2789	41.5
2790	40.25
2791	38
2792	41.8
2793	40.8
2794	37.7
2795	27.65
2796	12.75
2797	20.4
2798	23.55
2799	2.8
2800	5.3
2801	3.6
2802	9.2
2803	21.35
2804	26.55
2805	27.5
2806	30.4
2807	31.7
2808	30.7
2809	28.7
2810	24.85
2811	20.6
2812	18.6
2813	16.45
2814	13.4
2815	7.25
2816	6.3
2817	9.2
2818	10.35
2819	13.25
2820	16.75
2821	18.1
2822	18.2
2823	20.05
2824	24.2
2825	30.05
2826	34.9
2827	38.95
2828	41.45
2829	44.5
2830	41.5
2831	39.9
2832	37.05
2833	34.25
2834	36.85
2835	35.25
2836	29.6
2837	23.55
2838	12.65
2839	6.85
2840	4.75
2841	3.1
2842	4
2843	6.75
2844	6.95
2845	7.55
2846	12.15
2847	20.35
2848	26.3
2849	29.7
2850	33.55
2851	34.7
2852	37.15
2853	38.6
2854	36.15
2855	25.55
2856	13
2857	6.9
2858	6.25
2859	7.85
2860	9.1
2861	15.4
2862	21.5
2863	28.55
2864	34.7
2865	35.75
2866	37.45
2867	39.6
2868	42.2
2869	40.6
2870	38.95
2871	40.1
2872	40.3
2873	38.6
2874	33.5
2875	23.15
2876	18.9
2877	19.15
2878	23.1
2879	24.65
2880	22.55
2881	16.8
2882	9.9
2883	5.1
2884	2.4
2885	0.75
2886	0.15
2887	0
2888	0
2889	0.1
2890	0.05
2891	0.05
2892	0.1
2893	0.35
2894	0.85
2895	1
2896	0.9
2897	0.7
2898	0.45
2899	0.2
2900	0.05
2901	0.05
2902	0.1
2903	0.4
2904	1.3
2905	2.75
2906	4.2
2907	5.25
2908	8.35
2909	15.1
2910	19.2
2911	11.35
2912	5
2913	1.5
2914	0.8
2915	0.55
2916	0.35
2917	0.2
2918	0.1
2919	0
2920	0
2921	0.1
2922	0.7
2923	4.15
2924	11.35
2925	20.05
2926	27.25
2927	31.45
2928	32.05
2929	30.3
2930	27.45
2931	25.35
2932	23
2933	19.35
2934	13.65
2935	5.6
2936	5.1
2937	9.4
2938	12.75
2939	16.45
2940	19.5
2941	21.3
2942	22.3
2943	22.9
2944	22.3
2945	20.4
2946	16.6
2947	14.75
2948	12.8
2949	10.95
2950	9.95
2951	10.55
2952	12.05
2953	14.35
2954	18.3
2955	21.05
2956	20
2957	15.75
2958	10.05
2959	3.65
2960	7.7
2961	5.95
2962	5.3
2963	7.65
2964	12.85
2965	18.45
2966	20.55
2967	19.85
2968	17.4
2969	14.8
2970	12.75
2971	14.9
2972	21.8
2973	27.5
2974	28.9
2975	26.9
2976	25.1
2977	23.25
2978	18.15
2979	14.35
2980	11.7
2981	8.7
2982	5.05
2983	1.5
2984	0
2985	0
2986	0.1
2987	0.2
2988	0.25
2989	0.35
2990	0.65
2991	1.05
2992	1.15
2993	0.85
2994	0.25
2995	0
2996	0
2997	0.65
2998	2.7
2999	3.95
3000	4.45
3001	5.55
3002	7.15
3003	8.75
3004	10.15
3005	12.8
3006	15.85
3007	12.7
3008	18.65
3009	25.1
3010	31.45
3011	36.25
3012	38.6
3013	38.95
3014	37.9
3015	34.9
3016	28.65
3017	17
3018	5.55
3019	1.1
3020	0.65
3021	0.3
3022	0.05
3023	4.2
3024	10.8
3025	11.15
3026	9.1
3027	8.2
3028	9
3029	11.9
3030	12.65
3031	6.65
3032	5.35
3033	5.7
3034	5.85
3035	4.85
3036	3.15
3037	2
3038	1.8
3039	3.35
3040	7.5
3041	12.75
3042	15.2
3043	17.35
3044	20.4
3045	22.2
3046	22.4
3047	22
3048	18.75
3049	13.35
3050	8.05
3051	4.35
3052	2.15
3053	1
3054	0.55
3055	0.15
3056	0.1
3057	1.25
3058	1.95
3059	1.95
3060	2.15
3061	2.5
3062	2.75
3063	3
3064	3.2
3065	2.7
3066	1.55
3067	0.85
3068	1.15
3069	2.3
3070	4.85
3071	8.5
3072	10.9
3073	10.9
3074	9.2
3075	7.2
3076	5.8
3077	4.7
3078	4.2
3079	2.9
3080	2.85
3081	5.45
3082	4.95
3083	5.35
3084	6
3085	7.1
3086	9.1
3087	11.7
3088	14.6
3089	16.5
3090	18.6
3091	27.2
3092	35.35
3093	39.7
3094	41.25
3095	41.1
3096	40.6
3097	40.85
3098	40.45
3099	39.05
3100	35.35
3101	33.1
3102	28.25
3103	25
3104	37.75
3105	31.7
3106	30.3
3107	34.65
3108	38.35
3109	41.1
3110	42.6
3111	43.3
3112	43.45
3113	43.95
3114	44.5
3115	44.55
3116	43.6
3117	42.95
3118	43.35
3119	42.45
3120	41.8
3121	40.9
3122	40.55
3123	39.15
3124	35.6
3125	30.2
3126	26.45
3127	26.8
3128	26.3
3129	23.55
3130	34.85
3131	45.5
3132	48.3
3133	49.05
3134	49.3
3135	49.35
3136	49.4
3137	49.35
3138	48.8
3139	47.3
3140	44.75
3141	39.25
3142	32.25
3143	22.8
3144	15.25
3145	13.4
3146	15.65
3147	21.8
3148	28.7
3149	32.9
3150	29.9
3151	18.65
3152	27.6
3153	31.25
3154	35.85
3155	39.1
3156	41.1
3157	42.45
3158	42.45
3159	41.1
3160	38.2
3161	33.85
3162	30.6
3163	35.2
3164	41
3165	40.45
3166	34.55
3167	25.05
3168	15.65
3169	9.35
3170	5.7
3171	3.8
3172	3.1
3173	2.1
3174	0.9
3175	0.15
3176	0.75
3177	3.3
3178	4.9
3179	6.4
3180	8.05
3181	9.3
3182	10.05
3183	10.9
3184	12
3185	11.7
3186	8.65
3187	3.65
3188	0.75
3189	0.3
3190	1.05
3191	3.55
3192	7.55
3193	12
3194	15.9
3195	20
3196	23.65
3197	25.75
3198	24.5
3199	13.25
3200	9.3
3201	10.05
3202	7.5
3203	8.05
3204	9.35
3205	10.55
3206	10.85
3207	10.55
3208	9.95
3209	8.75
3210	9
3211	15.25
3212	23.25
3213	29
3214	31.6
3215	33.2
3216	35.5
3217	37.1
3218	36.35
3219	32.55
3220	24.8
3221	13.9
3222	9.2
3223	13.55
3224	24.75
3225	31.6
3226	34.95
3227	36.35
3228	37.25
3229	38.6
3230	41.1
3231	44.55
3232	47.65
3233	48.9
3234	49.15
3235	48.05
3236	45.2
3237	43.35
3238	43.2
3239	44.35
3240	44.8
3241	44.65
3242	44.5
3243	44.2
3244	43.3
3245	41.55
3246	35.85
3247	33.75
3248	43.1
3249	37.9
3250	33.3
3251	30.3
3252	28.1
3253	26.9
3254	26.35
3255	26.2
3256	25.5
3257	23.05
3258	18.45
3259	20.5
3260	30.35
3261	37.2
3262	40.1
3263	41.3
3264	40.95
3265	41
3266	39.55
3267	39.5
3268	40.1
3269	38
3270	30.1
3271	22.55
3272	23.55
3273	20.6
3274	18.8
3275	19.15
3276	20.25
3277	22.8
3278	26.9
3279	30.4
3280	30.75
3281	27.05
3282	17.5
3283	10
3284	7.6
3285	7
3286	5.4
3287	4
3288	3.3
3289	3.05
3290	2.55
3291	1.7
3292	0.8
3293	0.2
3294	0.05
3295	0.15
3296	0.6
3297	1.15
3298	2.05
3299	3.45
3300	4.85
3301	5.55
3302	5.35
3303	4.5
3304	3.4
3305	2.65
3306	4.2
3307	15.35
3308	32
3309	40.65
3310	43.3
3311	43.85
3312	43.5
3313	42.65
3314	41.85
3315	40.9
3316	39.65
3317	37.65
3318	32.8
3319	21.05
3320	14.1
3321	20
3322	20.6
3323	21.35
3324	21.05
3325	21.85
3326	23.65
3327	24.6
3328	24.15
3329	24.55
3330	24.9
3331	31.5
3332	37.9
3333	39.35
3334	35.1
3335	22.55
3336	10.6
3337	9.05
3338	14.2
3339	19.65
3340	20.75
3341	19.5
3342	16.7
3343	13.05
3344	11.8
3345	8.55
3346	3.4
3347	1.5
3348	0.6
3349	0.15
3350	0.1
3351	0.25
3352	0.65
3353	1.25
3354	2.65
3355	3
3356	3.7
3357	6.35
3358	4.75
3359	3.05
3360	3.85
3361	6.1
3362	8.5
3363	8.6
3364	9.6
3365	13.4
3366	14.65
3367	15.9
3368	15.95
3369	11.5
3370	8.75
3371	7.25
3372	5.75
3373	4.5
3374	3.75
3375	3.3
3376	3
3377	2.95
3378	4.5
3379	11.7
3380	23.45
3381	26.9
3382	30.45
3383	31.95
3384	34.15
3385	35.35
3386	36.6
3387	37.15
3388	35.95
3389	33.45
3390	25.65
3391	22.1
3392	11.3
3393	1.5
3394	0.85
3395	2.5
3396	4.4
3397	6.35
3398	7.95
3399	9.1
3400	9.7
3401	10.1
3402	12.45
3403	21.95
3404	35.85
3405	41.4
3406	43.45
3407	44.45
3408	44.75
3409	44.55
3410	43.7
3411	42.45
3412	41
3413	39.15
3414	33.6
3415	28.2
3416	33.1
3417	32.6
3418	32.4
3419	32.2
3420	31.3
3421	30.15
3422	28.8
3423	27.95
3424	27.6
3425	26.2
3426	24
3427	26.55
3428	34.15
3429	37.6
3430	39.25
3431	41.1
3432	42.35
3433	42.8
3434	42.95
3435	42.3
3436	41.25
3437	39.7
3438	34.5
3439	24.85
3440	30.45
3441	27.85
3442	18.45
3443	12.45
3444	8.65
3445	6
3446	3.9
3447	2.35
3448	1.45
3449	1.35
3450	2.15
3451	4.45
3452	8.6
3453	12.8
3454	15.95
3455	19.5
3456	14.9
3457	7.7
3458	4.25
3459	2.55
3460	2.3
3461	5.9
3462	11.3
3463	14
3464	15.65
3465	12.6
3466	9.85
3467	8.7
3468	9.25
3469	5.7
3470	0.3
3471	0
3472	0.2
3473	7.05
3474	17.65
3475	21.4
3476	25.7
3477	27.05
3478	25.5
3479	13.8
3480	7.05
3481	3.05
3482	0.85
3483	0.15
3484	0.05
3485	0.65
3486	2.4
3487	6.65
3488	14.1
3489	16.5
3490	15.95
3491	14.65
3492	14.5
3493	14.3
3494	13.55
3495	12.05
3496	9.9
3497	8.7
3498	9.4
3499	12.7
3500	21.8
3501	35.9
3502	44.95
3503	44.75
3504	40.25
3505	36.25
3506	32.85
3507	27.85
3508	23.4
3509	19.5
3510	20.25
3511	27.55
3512	28.3
3513	25.85
3514	21.35
3515	15.7
3516	11.3
3517	9.6
3518	8.75
3519	7.5
3520	6.1
3521	4.7
3522	3.25
3523	1.65
3524	0.4
3525	0.1
3526	0.1
3527	0.1
3528	0.05
3529	0.05
3530	0.05
3531	0.1
3532	0.2
3533	0.45
3534	0.7
3535	0.6
3536	0.25
3537	0
3538	0
3539	0
3540	0
3541	0
3542	0
3543	0.1
3544	0.25
3545	0.3
3546	0.15
3547	0.05
3548	0.1
3549	1.7
3550	6.85
3551	10.95
3552	12.05
3553	11.55
3554	9.95
3555	8.2
3556	8.65
3557	12.5
3558	14.5
3559	13.8
3560	19.85
3561	19.95
3562	18.35
3563	13.45
3564	12.7
3565	14.9
3566	18.7
3567	25.1
3568	29.85
3569	32.35
3570	33.2
3571	34.5
3572	37.85
3573	40
3574	42.6
3575	43
3576	41.3
3577	36.6
3578	29.85
3579	23.65
3580	21.05
3581	17.8
3582	14.9
3583	27.7
3584	37.9
3585	37.85
3586	35.1
3587	35.3
3588	36.15
3589	34
3590	31.25
3591	31.85
3592	35.35
3593	30.8
3594	19.05
3595	12.95
3596	14.45
3597	16.75
3598	19.05
3599	21.7
3600	24.05
3601	26.45
3602	29.85
3603	34
3604	37.05
3605	38.45
3606	34.15
3607	26.6
3608	25.9
3609	34.15
3610	35.85
3611	35.85
3612	34.85
3613	34.8
3614	35.3
3615	34.65
3616	34.05
3617	35.9
3618	39.6
3619	41.45
3620	41.9
3621	39.7
3622	37.3
3623	36.35
3624	35
3625	32.15
3626	28.7
3627	25.7
3628	22.8
3629	20
3630	11.45
3631	14.35
3632	13.25
3633	10.9
3634	9.1
3635	8.05
3636	7.4
3637	6.65
3638	5.5
3639	3.6
3640	1.8
3641	0.7
3642	0.3
3643	0.5
3644	1.6
3645	3.5
3646	4.4
3647	3.95
3648	2.95
3649	2.3
3650	2.25
3651	1.95
3652	1.8
3653	2.75
3654	4.3
3655	3.55
3656	4.6
3657	3.4
3658	2.75
3659	3.8
3660	5.3
3661	6.4
3662	7.8
3663	9.65
3664	11.35
3665	14.35
3666	21.3
3667	29.3
3668	35
3669	37.6
3670	40
3671	38.4
3672	32.8
3673	26.1
3674	21.85
3675	20.25
3676	18
3677	12.9
3678	7
3679	4
3680	1.05
3681	0.1
3682	0.05
3683	0.1
3684	0.05
3685	0
3686	0
3687	0
3688	0
3689	0
3690	0.5
3691	5.65
3692	20.4
3693	27.7
3694	28.55
3695	27.2
3696	26.1
3697	24.5
3698	21
3699	18.5
3700	14.75
3701	9.1
3702	3.05
3703	0.35
3704	0.5
3705	1
3706	2.05
3707	3.45
3708	4.85
3709	6.55
3710	8.1
3711	7.3
3712	5.9
3713	5.7
3714	6.65
3715	10.05
3716	17.65
3717	23.55
3718	26.45
3719	28.25
3720	29.45
3721	27.05
3722	22.1
3723	17.75
3724	15.4
3725	14.25
3726	12.3
3727	13.7
3728	33.2
3729	38.55
3730	37.45
3731	37.95
3732	38.8
3733	39.25
3734	40.5
3735	41.5
3736	41.3
3737	40
3738	37.7
3739	35.15
3740	33.1
3741	34.1
3742	36.2
3743	37.1
3744	37.05
3745	36.35
3746	34.05
3747	30.15
3748	26.2
3749	21.55
3750	24.15
3751	21.95
3752	13.55
3753	7.45
3754	4.35
3755	2.75
3756	1.55
3757	1
3758	0.85
3759	0.75
3760	0.85
3761	1.25
3762	0.85
3763	0.15
3764	2.85
3765	12.75
3766	21.4
3767	23.25
3768	23.1
3769	22.3
3770	20.6
3771	20.3
3772	19.65
3773	17.85
3774	12.2
3775	11.85
3776	14.55
3777	9.65
3778	4.05
3779	3.7
3780	4.6
3781	5.95
3782	9.15
3783	14.35
3784	16.35
3785	15.3
3786	13.4
3787	11.1
3788	9.05
3789	6.35
3790	4.45
3791	4.45
3792	5.95
3793	7.05
3794	8.8
3795	10.45
3796	12.5
3797	14
3798	14.8
3799	20.5
3800	24.8
3801	26.15
3802	23
3803	19.55
3804	17.05
3805	15.35
3806	14.95
3807	15.1
3808	14.5
3809	12.5
3810	8.35
3811	2.75
3812	0.15
3813	0.25
3814	5.7
3815	18.75
3816	29
3817	34.8
3818	37.2
3819	37.15
3820	36.7
3821	36.45
3822	31.25
3823	22.15
3824	24.4
3825	25.5
3826	21.2
3827	18.55
3828	16.3
3829	13.7
3830	10.75
3831	7.55
3832	5
3833	2.8
3834	1.1
3835	0.2
3836	0.05
3837	0.05
3838	0.85
3839	6.05
3840	15.4
3841	24.5
3842	30.6
3843	32.95
3844	33.2
3845	31.85
3846	23.05
3847	8.15
3848	7.3
3849	5
3850	0.85
3851	0.1
3852	0.05
3853	0.35
3854	1.1
3855	2.55
3856	4.65
3857	7.15
3858	9.4
3859	13.25
3860	20.45
3861	26.7
3862	31.1
3863	33.7
3864	35.3
3865	35.5
3866	34.35
3867	33.1
3868	31.35
3869	29.6
3870	21.9
3871	11.6
3872	21.6
3873	25.5
3874	26.8
3875	27.05
3876	26.6
3877	25.1
3878	21.75
3879	18.65
3880	16.85
3881	13.5
3882	9.9
3883	11.45
3884	21.65
3885	29.2
3886	32.25
3887	34.35
3888	36
3889	38.4
3890	40.9
3891	44
3892	44.05
3893	38.25
3894	29.85
3895	22.1
3896	30.15
3897	34.25
3898	35.9
3899	32.9
3900	27.65
3901	23.8
3902	22.1
3903	21.05
3904	18.3
3905	13.5
3906	7.75
3907	2.55
3908	0.55
3909	0.75
3910	2.6
3911	5.7
3912	9.7
3913	14.8
3914	19.6
3915	22.9
3916	21.4
3917	15.8
3918	9.75
3919	3.7
3920	2.45
3921	4.3
3922	5.15
3923	7.1
3924	11.25
3925	16.9
3926	22.25
3927	26.9
3928	30.3
3929	28.7
3930	22.45
3931	17.65
3932	17.35
3933	15.95
3934	14.05
3935	12.55
3936	11.1
3937	9
3938	8
3939	8.85
3940	11.55
3941	11.7
3942	8.7
3943	2.9
3944	1.25
3945	3.2
3946	7.85
3947	18.3
3948	29.6
3949	30.65
3950	22.75
3951	20.25
3952	23.7
3953	24
3954	20.35
3955	16.6
3956	17.25
3957	19.75
3958	24.65
3959	28.8
3960	30.25
3961	29.45
3962	27.5
3963	25.55
3964	24.5
3965	21.5
3966	10.55
3967	13.4
3968	19.2
3969	20.6
3970	21.65
3971	21.2
3972	19.65
3973	18.4
3974	17.85
3975	17.3
3976	17.1
3977	15.25
3978	12.8
3979	11.35
3980	11.7
3981	12.05
3982	12.45
3983	14.35
3984	17.7
3985	19.75
3986	20.35
3987	20.1
3988	17.85
3989	13.8
3990	6.5
3991	4.35
3992	4.6
3993	3.4
3994	2.4
3995	2.1
3996	2.2
3997	2.8
3998	3.6
3999	3.9
4000	4.1
4001	3.45
4002	2.55
4003	3.1
4004	4.55
4005	5.55
4006	6.5
4007	6.3
4008	7.25
4009	9
4010	10.65
4011	12.35
4012	12.45
4013	12.75
4014	9.75
4015	8.1
4016	6.35
4017	3
4018	1.25
4019	0.9
4020	1.3
4021	2
4022	2.3
4023	2.35
4024	2.2
4025	1.75
4026	1.55
4027	3.15
4028	6.85
4029	10.9
4030	14.8
4031	17.7
4032	19
4033	19.1
4034	17.9
4035	16.4
4036	14.9
4037	12.8
4038	6.9
4039	4.25
4040	6.35
4041	10.4
4042	14.35
4043	15.95
4044	15.2
4045	13.9
4046	12.35
4047	10.8
4048	10.2
4049	12
4050	16.6
4051	24.2
4052	33.7
4053	37.85
4054	39.3
4055	40.1
4056	40.1
4057	38.55
4058	35.7
4059	34.15
4060	34.1
4061	33.15
4062	22.75
4063	23.4
4064	23.65
4065	15.65
4066	10.25
4067	7.15
4068	7.5
4069	11.45
4070	16.75
4071	21.2
4072	23.2
4073	22.6
4074	21.35
4075	16.75
4076	16.5
4077	22.45
4078	26.2
4079	26
4080	24.75
4081	24.15
4082	23.8
4083	22.9
4084	21.55
4085	21.15
4086	14.6
4087	13.15
4088	18.25
4089	13.25
4090	12.35
4091	17.25
4092	29.45
4093	30.3
4094	29.45
4095	19.6
4096	8.45
4097	6.8
4098	8.75
4099	9.9
4100	11
4101	10.6
4102	11.6
4103	8.4
4104	7.35
4105	7.9
4106	8.65
4107	11.9
4108	8.95
4109	5.65
4110	1.7
4111	0.4
4112	0.3
4113	0.5
4114	1
4115	0.4
4116	0.05
4117	0
4118	0
4119	0
4120	0.05
4121	1.4
4122	6.9
4123	17.3
4124	24.85
4125	27.55
4126	27.85
4127	28.8
4128	35.65
4129	41.95
4130	43.95
4131	39.9
4132	34
4133	23.25
4134	14.5
4135	21.05
4136	29.75
4137	30.6
4138	27.55
4139	31.65
4140	38.95
4141	44.1
4142	46.8
4143	47.8
4144	47.95
4145	47.35
4146	45.7
4147	41.45
4148	38.2
4149	31.7
4150	21.6
4151	15.35
4152	14.45
4153	16.75
4154	20.25
4155	23.9
4156	28.25
4157	30.3
4158	22.25
4159	26.6
4160	26.2
4161	26.55
4162	32
4163	40.55
4164	45.9
4165	47.95
4166	48.65
4167	49
4168	49.2
4169	49.05
4170	48.05
4171	43.75
4172	40.35
4173	38.95
4174	37.3
4175	35.5
4176	35.45
4177	33.1
4178	32.6
4179	32.25
4180	32.05
4181	30.85
4182	25.25
4183	33.05
4184	37.6
4185	39.3
4186	40.15
4187	39.7
4188	38.3
4189	36.7
4190	33.95
4191	30.4
4192	27.4
4193	25.8
4194	25.5
4195	24.3
4196	25.4
4197	27.55
4198	27.55
4199	24.8
4200	21.3
4201	17.05
4202	12.2
4203	8.1
4204	5.35
4205	4.1
4206	2.3
4207	3.95
4208	3.25
4209	2.35
4210	1.6
4211	1.05
4212	0.7
4213	0.5
4214	0.55
4215	0.95
4216	1.5
4217	1.7
4218	1.7
4219	2.3
4220	3.15
4221	3.05
4222	2.2
4223	1.6
4224	1.4
4225	1.55
4226	2.35
4227	4.15
4228	6.9
4229	9.85
4230	8.15
4231	8.95
4232	12.85
4233	8.95
4234	6.3
4235	5.05
4236	4.6
4237	4.1
4238	3.95
4239	3.6
4240	3.15
4241	3.2
4242	3.9
4243	6.65
4244	12.25
4245	18.3
4246	23.4
4247	27.15
4248	29.2
4249	29.05
4250	28.8
4251	28.6
4252	30.9
4253	36.2
4254	34.55
4255	34.65
4256	31.25
4257	33.95
4258	37.85
4259	39.55
4260	43.45
4261	44.95
4262	43.65
4263	42.4
4264	41.1
4265	39.35
4266	33.55
4267	28.7
4268	37.35
4269	42.05
4270	40.5
4271	37.5
4272	36.05
4273	35.5
4274	34.5
4275	32.8
4276	31.7
4277	29.15
4278	24.95
4279	25.1
4280	25.95
4281	16.5
4282	10.7
4283	10.05
4284	10.9
4285	11.8
4286	12.6
4287	13.55
4288	14.1
4289	15.9
4290	20
4291	24.85
4292	33.3
4293	38.5
4294	41.45
4295	42.95
4296	44.25
4297	45.3
4298	45.2
4299	42.3
4300	36.5
4301	33.2
4302	21.35
4303	29.7
4304	31.1
4305	24.7
4306	21.95
4307	22.95
4308	24.85
4309	25.85
4310	25.85
4311	25.05
4312	23.65
4313	18.3
4314	9.45
4315	3.45
4316	3.95
4317	4.5
4318	2.9
4319	2.9
4320	1.4
4321	2.55
4322	7.15
4323	11.5
4324	13.7
4325	13.55
4326	11.25
4327	16.1
4328	17.55
4329	16.65
4330	17.2
4331	19.15
4332	21.05
4333	22
4334	22.75
4335	22.5
4336	22.1
4337	21.7
4338	19.4
4339	15.8
4340	13.5
4341	10.8
4342	9.05
4343	10.4
4344	12.35
4345	11.6
4346	9.3
4347	6.05
4348	3.5
4349	2.7
4350	3
4351	2.9
4352	8.05
4353	14.9
4354	20.6
4355	24.55
4356	27.85
4357	30.4
4358	31.85
4359	31.45
4360	30.65
4361	29.2
4362	28.7
4363	29.95
4364	30.45
4365	27.2
4366	21.4
4367	16.85
4368	14.45
4369	14.9
4370	16.7
4371	15.8
4372	12.45
4373	10.65
4374	5.8
4375	5.05
4376	5.65
4377	4.95
4378	4.7
4379	3.4
4380	1.9
4381	0.6
4382	1.3
4383	1.7
4384	1.55
4385	1.5
4386	1.3
4387	1
4388	0.6
4389	0.9
4390	1.6
4391	3.1
4392	4.7
4393	4.9
4394	3.9
4395	2.8
4396	2.25
4397	1.75
4398	0.95
4399	0.5
4400	0.2
4401	0.05
4402	0.1
4403	0.15
4404	0.3
4405	0.5
4406	0.5
4407	0.3
4408	0.1
4409	0.05
4410	0.15
4411	0.55
4412	1.65
4413	2.8
4414	4.15
4415	5.75
4416	7
4417	7.4
4418	7.3
4419	7.6
4420	8.55
4421	7.5
4422	4.15
4423	3.7
4424	1.7
4425	0.85
4426	1.8
4427	3.75
4428	5.95
4429	6.8
4430	5.95
4431	4.65
4432	3.25
4433	1.9
4434	0.8
4435	0.3
4436	2.25
4437	6.5
4438	9.75
4439	8.45
4440	7.35
4441	9.3
4442	9.45
4443	9.05
4444	9.1
4445	5.95
4446	1.25
4447	0.15
4448	0.2
4449	0.05
4450	0
4451	0
4452	0
4453	0.05
4454	0.15
4455	0.55
4456	0.75
4457	0.3
4458	0.05
4459	0.1
4460	0.25
4461	0.5
4462	0.95
4463	1.7
4464	2.25
4465	1.95
4466	0.7
4467	1.35
4468	3.65
4469	14.3
4470	30.15
4471	40.35
4472	35.4
4473	21.4
4474	7.35
4475	0.85
4476	0.2
4477	1.05
4478	3.35
4479	5.6
4480	7.3
4481	6.9
4482	6.25
4483	7.35
4484	11.8
4485	13.25
4486	10.65
4487	6.7
4488	3.05
4489	1.05
4490	0.25
4491	0.05
4492	0.05
4493	0.45
4494	1.35
4495	1.75
4496	3.5
4497	2.35
4498	1.55
4499	1.6
4500	1.3
4501	0.95
4502	1.15
4503	1.25
4504	1.25
4505	1.55
4506	2.35
4507	4.15
4508	5.5
4509	3.75
4510	1.85
4511	0.8
4512	0.2
4513	0.25
4514	5.9
4515	11.5
4516	11.55
4517	7.4
4518	2.9
4519	1.8
4520	0.9
4521	0.2
4522	0.1
4523	0.05
4524	0
4525	0
4526	0.05
4527	0.05
4528	0.05
4529	0
4530	0
4531	0.15
4532	2.75
4533	6.55
4534	9.3
4535	8.8
4536	7.8
4537	7.3
4538	7.65
4539	9.15
4540	8.05
4541	6.1
4542	4.15
4543	3.75
4544	4.7
4545	5.4
4546	4.95
4547	3.75
4548	3.4
4549	4
4550	3.65
4551	3.3
4552	4.05
4553	4.45
4554	3.25
4555	3.2
4556	2.9
4557	2.3
4558	1.85
4559	1.65
4560	1.55
4561	1.85
4562	2.3
4563	2.4
4564	2.4
4565	2.3
4566	1.5
4567	0.35
4568	0.05
4569	0
4570	0
4571	0.05
4572	0.05
4573	0.05
4574	0.1
4575	0.2
4576	0.15
4577	0.1
4578	0
4579	0
4580	0.5
4581	5.25
4582	16
4583	25.95
4584	30.15
4585	29.6
4586	26.55
4587	23.55
4588	19.05
4589	15.4
4590	7.35
4591	2.85
4592	0.45
4593	0
4594	0
4595	0
4596	0
4597	0
4598	0
4599	0
4600	0
4601	0.1
4602	0.7
4603	3.95
4604	10.15
4605	15.1
4606	17.35
4607	17.9
4608	18
4609	17.5
4610	15.9
4611	13.5
4612	10.3
4613	6.85
4614	2.75
4615	0.4
4616	0.25
4617	0.25
4618	0.25
4619	0.25
4620	0.2
4621	0.25
4622	0.3
4623	0.25
4624	0.25
4625	0.25
4626	0.4
4627	2.85
4628	17.25
4629	36.4
4630	42.9
4631	41.7
4632	32.9
4633	17.45
4634	5.4
4635	1.7
4636	0.75
4637	0.35
4638	0.1
4639	0
4640	0.05
4641	0.3
4642	2
4643	4.95
4644	7.05
4645	7.85
4646	7.65
4647	6.4
4648	4.5
4649	1.6
4650	0.15
4651	0
4652	3.25
4653	13.25
4654	21.95
4655	25.1
4656	24.5
4657	22.3
4658	20.25
4659	17.3
4660	12.75
4661	8.6
4662	3.7
4663	0.9
4664	2.2
4665	3.35
4666	3.45
4667	3.3
4668	2.75
4669	1.8
4670	1.15
4671	1
4672	1.1
4673	1.8
4674	4.85
4675	12.45
4676	21.7
4677	28.15
4678	32.4
4679	35
4680	35.7
4681	34.65
4682	31.15
4683	29.25
4684	28.85
4685	28.8
4686	26.2
4687	26.4
4688	28.2
4689	29.55
4690	29.05
4691	31.85
4692	34.45
4693	34.15
4694	30.3
4695	27.8
4696	25.55
4697	18.9
4698	16.05
4699	21
4700	31.25
4701	38
4702	39.25
4703	33.65
4704	31.3
4705	34.35
4706	39.25
4707	41.25
4708	41.95
4709	41.9
4710	42.45
4711	44.2
4712	44.5
4713	42.65
4714	40.2
4715	38.1
4716	36.2
4717	34.65
4718	31.95
4719	27.75
4720	22.25
4721	17.8
4722	13.8
4723	15.4
4724	21.5
4725	22.55
4726	16.9
4727	8.75
4728	5.6
4729	6.9
4730	11.55
4731	17.85
4732	23.15
4733	23.75
4734	22.9
4735	27.55
4736	29
4737	28.15
4738	26.2
4739	25.1
4740	23.55
4741	20
4742	17.15
4743	14.75
4744	14.4
4745	14.35
4746	14.1
4747	14.4
4748	17.1
4749	18.7
4750	19.8
4751	21.05
4752	21.2
4753	19.5
4754	17.5
4755	14.8
4756	10.8
4757	7.75
4758	4.45
4759	3.1
4760	10.05
4761	13.85
4762	13.25
4763	11.15
4764	9.2
4765	7.1
4766	4.9
4767	3.5
4768	2.65
4769	2.25
4770	1.8
4771	0.9
4772	0.3
4773	0.25
4774	1.15
4775	3.95
4776	7.85
4777	9.8
4778	9
4779	8.2
4780	8
4781	7
4782	4.25
4783	1.15
4784	0.15
4785	0
4786	0
4787	0
4788	0
4789	0.1
4790	0.4
4791	0.7
4792	1
4793	1.75
4794	3.75
4795	9.95
4796	19.7
4797	27.35
4798	32.9
4799	36.9
4800	38.7
4801	38.4
4802	37.2
4803	34.7
4804	31.2
4805	25.3
4806	13.45
4807	8.4
4808	11.45
4809	11.8
4810	13
4811	17.05
4812	21.35
4813	24.15
4814	25.45
4815	26.45
4816	28.45
4817	31.45
4818	35.1
4819	32.55
4820	27.4
4821	30.15
4822	31.15
4823	27.65
4824	26.2
4825	26.3
4826	26.3
4827	24.75
4828	23.65
4829	21.1
4830	12.2
4831	11.5
4832	9.65
4833	7.3
4834	7.5
4835	10.35
4836	14.05
4837	16.5
4838	17.25
4839	18
4840	20.45
4841	24.3
4842	27
4843	27.9
4844	31.7
4845	33.45
4846	34.3
4847	35.7
4848	35.95
4849	35.15
4850	36.4
4851	32.3
4852	26.2
4853	20.9
4854	15.15
4855	12.8
4856	11.75
4857	11.4
4858	10.75
4859	10.85
4860	11.3
4861	12.15
4862	12.9
4863	12.6
4864	12.1
4865	12.2
4866	10.15
4867	5.55
4868	4.4
4869	9.5
4870	15.9
4871	19.35
4872	20.75
4873	21.4
4874	22.05
4875	22.55
4876	22.45
4877	21.2
4878	15.1
4879	5.75
4880	9.15
4881	6.4
4882	6.25
4883	7.75
4884	8.95
4885	8.6
4886	6.6
4887	4.65
4888	3.2
4889	1.15
4890	0.15
4891	0.15
4892	2.15
4893	7.45
4894	13.05
4895	15.05
4896	15
4897	15.15
4898	15.35
4899	14.7
4900	12.4
4901	7.15
4902	2.25
4903	0.1
4904	0
4905	0.2
4906	0.75
4907	1.25
4908	1.45
4909	1.85
4910	3.5
4911	5.75
4912	7.6
4913	10.5
4914	17.7
4915	28.7
4916	34.35
4917	31.85
4918	28.55
4919	25.1
4920	21.5
4921	16
4922	13.15
4923	12.6
4924	13.45
4925	14.65
4926	13.15
4927	15.2
4928	10.5
4929	8.5
4930	7.8
4931	9.85
4932	10.25
4933	9.85
4934	10.95
4935	13.55
4936	19.2
4937	24.15
4938	23.65
4939	15.8
4940	9.75
4941	5.9
4942	5.3
4943	7.85
4944	12.8
4945	17.8
4946	20.6
4947	20.75
4948	18.1
4949	14
4950	7.7
4951	3.05
4952	5.15
4953	6.85
4954	7.45
4955	7.6
4956	7.85
4957	8
4958	6.85
4959	4.95
4960	3.45
4961	2.15
4962	0.95
4963	0.05
4964	0
4965	0.1
4966	0.95
4967	1.8
4968	2
4969	1.95
4970	2
4971	1.95
4972	1.85
4973	1.5
4974	0.9
4975	0.3
4976	0.7
4977	1.35
4978	1.5
4979	1.1
4980	0.7
4981	0.35
4982	0.15
4983	0.1
4984	0.1
4985	0.05
4986	0.2
4987	1.65
4988	4.25
4989	5
4990	4.3
4991	3.2
4992	2.15
4993	1.2
4994	0.75
4995	0.7
4996	1.05
4997	1.1
4998	0.65
4999	0.05
5000	0.15
5001	0.8
5002	2.05
5003	3.35
5004	4
5005	4.6
5006	5
5007	5.4
5008	5.95
5009	7.25
5010	10.05
5011	16.75
5012	24.5
5013	27.5
5014	27.6
5015	26.05
5016	24
5017	20.35
5018	17.25
5019	15.35
5020	14.25
5021	13.25
5022	8.7
5023	5.7
5024	11.95
5025	12.45
5026	9.9
5027	6.05
5028	3.25
5029	4.75
5030	7.45
5031	8.65
5032	8.6
5033	8.5
5034	9.9
5035	17.2
5036	22.9
5037	19.75
5038	14.8
5039	12.05
5040	10.65
5041	8.45
5042	5.75
5043	5.25
5044	5.45
5045	6.95
5046	10.85
5047	11.65
5048	13.7
5049	19.2
5050	21.05
5051	21.95
5052	24.6
5053	29.1
5054	32.9
5055	32.15
5056	33.45
5057	32.85
5058	29.7
5059	24.95
5060	22.8
5061	21
5062	17.4
5063	12.9
5064	8.2
5065	4.1
5066	2.05
5067	1
5068	0.75
5069	1.1
5070	2
5071	3.6
5072	4.2
5073	4.45
5074	5.75
5075	7.85
5076	10
5077	11.9
5078	13.25
5079	13.6
5080	13.6
5081	13.15
5082	10.75
5083	7.7
5084	7.3
5085	8.75
5086	11.7
5087	14.6
5088	17.15
5089	16
5090	15.15
5091	15.25
5092	16.5
5093	17.25
5094	14.45
5095	21.5
5096	28.1
5097	31.85
5098	33
5099	31.95
5100	29.5
5101	26.25
5102	21.95
5103	16.5
5104	10.85
5105	6.85
5106	3.15
5107	2.25
5108	3.95
5109	5.1
5110	5.8
5111	7.1
5112	8.05
5113	8.15
5114	7
5115	4.85
5116	3
5117	1.65
5118	0.55
5119	0.05
5120	0
5121	0.6
5122	0.6
5123	0.65
5124	1.05
5125	2.45
5126	5.95
5127	11.3
5128	9.35
5129	7.8
5130	8.85
5131	9.6
5132	5.95
5133	1.6
5134	0.15
5135	0.7
5136	3
5137	8.05
5138	11.6
5139	15.35
5140	20.2
5141	22
5142	26.8
5143	15.55
5144	7
5145	5.7
5146	2.9
5147	2.6
5148	4.05
5149	5.2
5150	6.9
5151	4
5152	0.55
5153	0.3
5154	2.8
5155	6.85
5156	8.55
5157	7.75
5158	5.45
5159	6
5160	10.2
5161	9.1
5162	7.35
5163	7.15
5164	4.9
5165	1.55
5166	1.45
5167	6.5
5168	12.35
5169	10.55
5170	8.8
5171	9.3
5172	11.1
5173	12.75
5174	13.35
5175	11.65
5176	8.85
5177	5.5
5178	2.15
5179	0.55
5180	0.85
5181	2.65
5182	7.5
5183	14.9
5184	20.25
5185	22.15
5186	23
5187	23.4
5188	22.5
5189	20.75
5190	14.05
5191	5.5
5192	8.25
5193	6.8
5194	5.2
5195	5.3
5196	5.75
5197	5.3
5198	4.2
5199	2.5
5200	0.95
5201	0.3
5202	0.35
5203	1.9
5204	4.3
5205	5.5
5206	5.65
5207	5.8
5208	6.4
5209	6.65
5210	6.4
5211	5.8
5212	4.75
5213	3.45
5214	2.25
5215	0.7
5216	1.35
5217	1.15
5218	0.8
5219	0.85
5220	1.1
5221	1.6
5222	2.25
5223	2.85
5224	3.6
5225	3
5226	1.8
5227	2.45
5228	10.3
5229	17.5
5230	18.2
5231	17.8
5232	17.4
5233	15.25
5234	13.45
5235	11.2
5236	8.75
5237	6.6
5238	3.6
5239	1.2
5240	4.05
5241	3.55
5242	2
5243	1.5
5244	2.55
5245	6.1
5246	10.05
5247	7.8
5248	3.55
5249	2.05
5250	1.4
5251	0.95
5252	0.6
5253	0.4
5254	0.3
5255	0.45
5256	0.95
5257	1.9
5258	3
5259	3.55
5260	4
5261	5.2
5262	4.3
5263	2.35
5264	4.35
5265	6.35
5266	8.75
5267	12.5
5268	15.9
5269	16.45
5270	15.45
5271	15.1
5272	16.1
5273	16.25
5274	15.15
5275	14.1
5276	14.55
5277	13.25
5278	10.6
5279	8.7
5280	7.55
5281	6.3
5282	5.35
5283	5.3
5284	5.9
5285	8.1
5286	8.25
5287	12.4
5288	16.75
5289	16.25
5290	17.05
5291	17.65
5292	17.8
5293	20
5294	26.25
5295	32.55
5296	36.8
5297	35
5298	25.95
5299	18.35
5300	20.25
5301	22.75
5302	27.7
5303	27.4
5304	26
5305	25.1
5306	27.35
5307	25.35
5308	21.2
5309	16.55
5310	24.5
5311	34.15
5312	31.05
5313	26.45
5314	26.4
5315	47.15
5316	49.5
5317	49.45
5318	49.25
5319	48.9
5320	48.2
5321	47.1
5322	44.95
5323	42.65
5324	41.35
5325	40.5
5326	40.2
5327	39.5
5328	37.25
5329	35.25
5330	38.5
5331	39.8
5332	39.7
5333	38.45
5334	36.05
5335	40.65
5336	43.8
5337	44.7
5338	45.35
5339	46.65
5340	48
5341	48.85
5342	49.2
5343	49.2
5344	48.85
5345	48.25
5346	47.5
5347	46
5348	44.3
5349	42.55
5350	40.15
5351	39.25
5352	40.2
5353	41.6
5354	42.95
5355	43.95
5356	43.9
5357	42.7
5358	39.45
5359	42.5
5360	45.3
5361	45.15
5362	44.5
5363	44
5364	43.55
5365	43.1
5366	43.3
5367	43.8
5368	43.45
5369	41.85
5370	37.7
5371	31.4
5372	30.3
5373	27.5
5374	23.5
5375	19.65
5376	17.85
5377	17.55
5378	18.15
5379	18.8
5380	19.15
5381	18.6
5382	14.1
5383	12.35
5384	12.05
5385	9.45
5386	7.3
5387	5.75
5388	4.45
5389	3.8
5390	3.8
5391	4.5
5392	6.2
5393	8.1
5394	9.75
5395	11
5396	12.5
5397	13.15
5398	13.9
5399	15.45
5400	18
5401	19.4
5402	19.05
5403	17.55
5404	15.6
5405	14.6
5406	10.9
5407	7.35
5408	4.3
5409	2.35
5410	1.7
5411	1.05
5412	0.65
5413	0.45
5414	0.5
5415	0.85
5416	1.55
5417	2.65
5418	4.65
5419	10.4
5420	15.95
5421	16.8
5422	14.7
5423	14.5
5424	15.05
5425	14.25
5426	12.15
5427	8.95
5428	5.2
5429	2.6
5430	1.2
5431	0.45
5432	1
5433	3.3
5434	4.5
5435	4
5436	3.8
5437	3.7
5438	3.6
5439	4.45
5440	5.9
5441	6.35
5442	6.05
5443	6.5
5444	6.85
5445	7
5446	7.3
5447	8.85
5448	10.2
5449	9.95
5450	9.35
5451	8.9
5452	9.25
5453	9.35
5454	7.45
5455	2.6
5456	0.45
5457	0
5458	0.05
5459	0.05
5460	0.05
5461	0.05
5462	0.05
5463	0
5464	0
5465	0
5466	0.3
5467	3.1
5468	8.6
5469	13.85
5470	17.55
5471	16.25
5472	14.05
5473	10.55
5474	12.15
5475	6.8
5476	4.25
5477	2.85
5478	3
5479	4
5480	4.25
5481	3
5482	1.55
5483	1.2
5484	1.3
5485	1.25
5486	1.1
5487	0.8
5488	1.05
5489	2.9
5490	7.4
5491	17.95
5492	23.7
5493	23.4
5494	22.85
5495	21.55
5496	19.95
5497	18.1
5498	15.8
5499	13.4
5500	11.35
5501	8.35
5502	4
5503	1.1
5504	0.25
5505	0
5506	0.05
5507	0.1
5508	0.1
5509	0.3
5510	0.7
5511	1.15
5512	1.35
5513	1.65
5514	2.75
5515	5.55
5516	9.15
5517	11.05
5518	11.1
5519	11.2
5520	12.25
5521	13.15
5522	13.55
5523	13.05
5524	11.4
5525	8.55
5526	4.4
5527	1.05
5528	1.6
5529	1.75
5530	2.1
5531	3.75
5532	6.1
5533	8.7
5534	10.35
5535	10.75
5536	10.25
5537	9.75
5538	8.85
5539	9.6
5540	10
5541	9.35
5542	7.8
5543	5.6
5544	3.95
5545	3.25
5546	3.1
5547	3.2
5548	3.3
5549	4
5550	5.05
5551	3.6
5552	4.45
5553	5.15
5554	5
5555	4.8
5556	5
5557	5.45
5558	5.75
5559	5.55
5560	5.15
5561	5.05
5562	5.6
5563	6.35
5564	6.4
5565	6.15
5566	5.2
5567	2.8
5568	0.9
5569	0.55
5570	1.2
5571	2.4
5572	2.75
5573	2.25
5574	1.55
5575	0.25
5576	0
5577	0.05
5578	0.5
5579	1
5580	1.3
5581	1.9
5582	2.15
5583	2
5584	1.75
5585	1.95
5586	2.85
5587	5.15
5588	6.4
5589	5.6
5590	4.45
5591	2.95
5592	1.3
5593	0.2
5594	0.05
5595	0.15
5596	0.2
5597	0.65
5598	1.9
5599	1.4
5600	1.8
5601	2.2
5602	1.8
5603	1.05
5604	0.6
5605	0.5
5606	0.75
5607	1
5608	1
5609	0.7
5610	0.6
5611	0.95
5612	1.25
5613	0.9
5614	0.5
5615	0.25
5616	0.1
5617	0
5618	0
5619	0
5620	0
5621	0
5622	0
5623	0
5624	0
5625	0.05
5626	0
5627	0
5628	0
5629	0
5630	0
5631	0
5632	0
5633	0
5634	0
5635	0.1
5636	0.75
5637	1.4
5638	1.25
5639	0.95
5640	2.2
5641	7.1
5642	11.05
5643	11.15
5644	14.25
5645	14.8
5646	9.95
5647	3.2
5648	2.5
5649	0.35
5650	0.1
5651	0.15
5652	0.1
5653	0.05
5654	0
5655	0
5656	0
5657	0
5658	0.5
5659	3.45
5660	7.3
5661	10.35
5662	13.2
5663	14.65
5664	15.8
5665	15.15
5666	13.95
5667	12.3
5668	9.95
5669	8.5
5670	7.55
5671	4.75
5672	4.85
5673	3.95
5674	3.8
5675	3.05
5676	3.1
5677	3.25
5678	1.85
5679	1.5
5680	2.9
5681	6.05
5682	7.6
5683	5
5684	4.45
5685	10.65
5686	14.45
5687	11.75
5688	7.7
5689	10.7
5690	14.9
5691	12.35
5692	13.4
5693	18.3
5694	24.85
5695	27.25
5696	29.85
5697	32.95
5698	36.35
5699	39.3
5700	39.85
5701	39.35
5702	37.75
5703	36.7
5704	33.55
5705	29.45
5706	23.45
5707	18.5
5708	11
5709	6.6
5710	4.3
5711	3.55
5712	9.75
5713	30.55
5714	40.9
5715	42.85
5716	41.9
5717	41.15
5718	40.95
5719	43.45
5720	44.5
5721	44.55
5722	44.35
5723	43.25
5724	40.8
5725	37.45
5726	33.65
5727	30.6
5728	27.8
5729	24.5
5730	18.9
5731	15.05
5732	12.45
5733	10.35
5734	8.5
5735	6.8
5736	6.35
5737	6.9
5738	8.6
5739	10.9
5740	12.45
5741	12.2
5742	10.15
5743	4.85
5744	8.6
5745	7.25
5746	6
5747	5.7
5748	5.35
5749	4.55
5750	4.15
5751	4
5752	4.6
5753	6.4
5754	6
5755	4.6
5756	4.6
5757	7.35
5758	11.7
5759	16.45
5760	20.6
5761	21.55
5762	18.9
5763	14.1
5764	9.85
5765	8.05
5766	8.3
5767	7.55
5768	10.45
5769	11.9
5770	14.6
5771	16.2
5772	16.7
5773	16.8
5774	16.6
5775	16.25
5776	16
5777	15.8
5778	15.1
5779	18.4
5780	22.3
5781	26.05
5782	29.35
5783	31.85
5784	32.4
5785	32.75
5786	31.85
5787	30.2
5788	27.85
5789	25.85
5790	22.55
5791	14.65
5792	18.6
5793	19.1
5794	15.45
5795	12.5
5796	9.9
5797	7.65
5798	5.55
5799	3.8
5800	2.4
5801	1.5
5802	2.25
5803	6.95
5804	13.15
5805	16.8
5806	18.1
5807	17.55
5808	15.1
5809	11.75
5810	8.5
5811	5.2
5812	2.8
5813	1.45
5814	1.35
5815	1.4
5816	3.95
5817	11.6
5818	19.5
5819	25.4
5820	28.55
5821	29.45
5822	28.55
5823	27.05
5824	24.6
5825	21.8
5826	19.6
5827	21.8
5828	25.35
5829	28.15
5830	30.15
5831	31.3
5832	30.15
5833	28.7
5834	29.85
5835	31.55
5836	30.85
5837	31.25
5838	32
5839	32.9
5840	38.1
5841	41.45
5842	41
5843	38.45
5844	34.95
5845	30.5
5846	25.85
5847	21.05
5848	16.25
5849	12
5850	12.55
5851	20.3
5852	27.75
5853	30.9
5854	31.85
5855	29.45
5856	26.4
5857	22.9
5858	20.65
5859	20.35
5860	20.85
5861	20.8
5862	20
5863	21.7
5864	28.1
5865	25.2
5866	20.85
5867	18.55
5868	17.95
5869	17.8
5870	17.7
5871	18
5872	17.7
5873	17.05
5874	14.4
5875	13.7
5876	14.4
5877	14.7
5878	15.65
5879	16.8
5880	17.1
5881	16.7
5882	16.35
5883	16.75
5884	15.25
5885	13.25
5886	12.2
5887	12.85
5888	18.9
5889	19.9
5890	16.95
5891	15.5
5892	15.1
5893	17.25
5894	20.2
5895	21.8
5896	22.3
5897	23.05
5898	22.85
5899	24.2
5900	22.8
5901	23.4
5902	31.3
5903	33.1
5904	27.9
5905	27.35
5906	29
5907	32.8
5908	38.25
5909	38.85
5910	35.25
5911	33.8
5912	34.7
5913	34.35
5914	33.8
5915	34.75
5916	34.35
5917	34
5918	33.6
5919	32.05
5920	33
5921	32.9
5922	33.35
5923	36.45
5924	36.8
5925	34.9
5926	33.6
5927	32.15
5928	30.45
5929	28.1
5930	25.25
5931	18.7
5932	13
5933	12.8
5934	18.9
5935	27.05
5936	40.1
5937	44.1
5938	44.75
5939	46
5940	46.85
5941	46.95
5942	46.3
5943	45.95
5944	45.4
5945	44.3
5946	40.6
5947	33.3
5948	29.45
5949	27.35
5950	23.8
5951	20.05
5952	15.9
5953	13.25
5954	11.15
5955	9.3
5956	7.9
5957	7.35
5958	6
5959	4.9
5960	6.15
5961	6.25
5962	4.3
5963	2.7
5964	1.8
5965	1.35
5966	1.15
5967	1
5968	1.55
5969	3.25
5970	3.75
5971	4.45
5972	5.35
5973	6.2
5974	8.05
5975	10.1
5976	10.25
5977	9.35
5978	9
5979	9.65
5980	9.45
5981	9.2
5982	7.55
5983	4
5984	5.2
5985	9.1
5986	10.55
5987	11.95
5988	12.65
5989	11
5990	7.45
5991	4.7
5992	3.95
5993	5.35
5994	9.9
5995	15.05
5996	19.35
5997	18.35
5998	13.45
5999	8.75
6000	6.2
6001	5.8
6002	5.85
6003	5.8
6004	5.45
6005	5.25
6006	4.95
6007	4.6
6008	1.45
6009	0.05
6010	0.05
6011	0.35
6012	1.4
6013	3.1
6014	4.5
6015	5.3
6016	5.8
6017	6.35
6018	7.05
6019	7.65
6020	8.05
6021	8.25
6022	8.8
6023	9.45
6024	11.45
6025	16.25
6026	22.1
6027	23.3
6028	23.9
6029	25.7
6030	28.5
6031	30.2
6032	42.05
6033	44.85
6034	44.05
6035	43.8
6036	43.2
6037	40.9
6038	38.35
6039	35.8
6040	31.7
6041	22.95
6042	12.05
6043	8.25
6044	6.4
6045	5.05
6046	3.95
6047	3.2
6048	2.9
6049	3.6
6050	5.85
6051	9.9
6052	13.85
6053	14.65
6054	15.2
6055	15.2
6056	21.65
6057	28.55
6058	33.9
6059	37.4
6060	35.65
6061	31.2
6062	29.45
6063	30.15
6064	29.2
6065	23.7
6066	14.95
6067	7.5
6068	7.05
6069	9.5
6070	11.4
6071	12.35
6072	13.05
6073	12.9
6074	13
6075	11.9
6076	11.15
6077	9.25
6078	7.55
6079	4.8
6080	7.95
6081	9.35
6082	6.45
6083	5.45
6084	5.9
6085	5.45
6086	5.2
6087	5.95
6088	7.2
6089	7.95
6090	9.3
6091	9.4
6092	6.75
6093	4.1
6094	2.85
6095	2.7
6096	3.1
6097	4
6098	5.5
6099	7.7
6100	9.7
6101	11.95
6102	15.35
6103	16.95
6104	19.55
6105	16.2
6106	11.1
6107	8.2
6108	6.8
6109	6.15
6110	5.5
6111	4.85
6112	5.3
6113	6.35
6114	10.2
6115	19.5
6116	24.7
6117	26.8
6118	28.7
6119	30.1
6120	31.05
6121	32.2
6122	33.85
6123	33.6
6124	30.4
6125	26.2
6126	22.1
6127	19.45
6128	29.15
6129	37.1
6130	40
6131	41.45
6132	41.9
6133	41.5
6134	40.95
6135	40.55
6136	40
6137	37.6
6138	34.35
6139	36.2
6140	37.8
6141	39.6
6142	39.5
6143	38.55
6144	36.4
6145	33.4
6146	28.8
6147	24
6148	19.75
6149	18
6150	17
6151	15.3
6152	22.05
6153	25.85
6154	27.6
6155	29.6
6156	31.6
6157	33.45
6158	34.6
6159	33.7
6160	32.05
6161	31.2
6162	29.65
6163	28.75
6164	28.15
6165	26.3
6166	24.3
6167	21.15
6168	17.3
6169	15.35
6170	12.9
6171	10.2
6172	8.6
6173	6.65
6174	5.5
6175	5.65
6176	4.65
6177	3.2
6178	1.8
6179	1.25
6180	1.5
6181	1.5
6182	1.75
6183	1.4
6184	1.55
6185	2.2
6186	3.25
6187	5.15
6188	5.5
6189	4.35
6190	2.75
6191	1.95
6192	2.05
6193	2.05
6194	1.9
6195	2.25
6196	3.35
6197	4.15
6198	3.55
6199	2.75
6200	4.35
6201	9.75
6202	18.3
6203	27.6
6204	33.35
6205	34.75
6206	33.65
6207	29.75
6208	19.25
6209	7.45
6210	4.15
6211	4.25
6212	4.2
6213	3.65
6214	2.75
6215	2.2
6216	2.25
6217	2.35
6218	2.2
6219	1.8
6220	1.55
6221	1.35
6222	1.4
6223	1.7
6224	1.75
6225	1.55
6226	1.1
6227	0.95
6228	0.75
6229	0.55
6230	0.45
6231	0.5
6232	0.95
6233	1.45
6234	2.3
6235	4.65
6236	7.05
6237	7.9
6238	7.55
6239	7.65
6240	7.55
6241	6.8
6242	6.25
6243	5.7
6244	5.7
6245	6.1
6246	7.05
6247	6.65
6248	9.5
6249	14.5
6250	16.55
6251	18.05
6252	19.65
6253	19.55
6254	17.55
6255	14.05
6256	10
6257	6.65
6258	5.35
6259	6.8
6260	9.45
6261	12.75
6262	15.9
6263	17.85
6264	18.45
6265	17.7
6266	18
6267	18
6268	18.75
6269	19.5
6270	19.95
6271	18.6
6272	20.75
6273	23.05
6274	23.4
6275	24.15
6276	23.7
6277	22
6278	19.8
6279	17.35
6280	14.8
6281	11.05
6282	8.8
6283	10.35
6284	12.8
6285	16.6
6286	21
6287	25.2
6288	27.85
6289	31.25
6290	33.6
6291	35.1
6292	30.05
6293	25.1
6294	23
6295	20.75
6296	25.3
6297	27.15
6298	23.95
6299	24.15
6300	24.6
6301	23.9
6302	23.1
6303	21.5
6304	18.7
6305	14.5
6306	11.45
6307	12.8
6308	15.4
6309	17.05
6310	17
6311	16.7
6312	16.65
6313	12.9
6314	9.9
6315	10.8
6316	17.85
6317	33.75
6318	44.8
6319	47.75
6320	48.3
6321	48.5
6322	48.8
6323	48.8
6324	48.1
6325	46.8
6326	45.25
6327	44
6328	42.8
6329	41
6330	36.55
6331	30.45
6332	24.75
6333	21.7
6334	19.05
6335	16
6336	13.9
6337	13.15
6338	13.05
6339	12.9
6340	11.6
6341	11.05
6342	10.2
6343	11.3
6344	14.65
6345	16.8
6346	17.1
6347	16.3
6348	15.55
6349	15.5
6350	15.2
6351	13.75
6352	11.25
6353	8.05
6354	6.35
6355	5.85
6356	4.75
6357	2.85
6358	1.45
6359	0.9
6360	0.85
6361	1.1
6362	1.7
6363	2.35
6364	2.75
6365	3.15
6366	3.8
6367	3.25
6368	2.25
6369	3.7
6370	3.25
6371	3
6372	3.05
6373	3.15
6374	3.2
6375	3.25
6376	3.35
6377	3.15
6378	2.95
6379	2.55
6380	2.25
6381	2.95
6382	5.05
6383	9.25
6384	13.9
6385	16.75
6386	17.7
6387	17.7
6388	16.95
6389	15.2
6390	13.15
6391	9.4
6392	3.15
6393	1.95
6394	1.55
6395	1.4
6396	2.25
6397	3.45
6398	4.25
6399	4.4
6400	3.9
6401	3.05
6402	3.65
6403	7
6404	13.4
6405	20.85
6406	27.05
6407	31.7
6408	34.3
6409	34.65
6410	34.4
6411	33.45
6412	31.45
6413	28.1
6414	25.1
6415	18.3
6416	8.8
6417	12.45
6418	17.5
6419	10.8
6420	17.05
6421	30.05
6422	37.9
6423	41.45
6424	42
6425	37.95
6426	32.5
6427	31.25
6428	28.65
6429	25.2
6430	22.55
6431	21.7
6432	18.95
6433	15.65
6434	13.7
6435	12.8
6436	9.25
6437	6.25
6438	4
6439	1.6
6440	0.1
6441	0
6442	1.05
6443	3.7
6444	5.95
6445	6.6
6446	5.8
6447	4.45
6448	2.75
6449	0.95
6450	0.5
6451	2.3
6452	6.15
6453	9.5
6454	11.45
6455	11.95
6456	11.2
6457	9.8
6458	8.8
6459	8.35
6460	8.2
6461	9.6
6462	10.8
6463	10.1
6464	5.95
6465	8.2
6466	13.15
6467	15.8
6468	19.75
6469	24.7
6470	29.15
6471	32.55
6472	34.1
6473	31.95
6474	30.3
6475	34.7
6476	36.1
6477	32.15
6478	30.05
6479	30.4
6480	30.55
6481	31.85
6482	32.4
6483	31.35
6484	30.05
6485	27.55
6486	27.85
6487	31.1
6488	39
6489	41.8
6490	40.65
6491	39.75
6492	40
6493	40.7
6494	41.5
6495	41.3
6496	40.15
6497	35.25
6498	30.3
6499	28.75
6500	30.7
6501	33.9
6502	36.25
6503	38.25
6504	37.9
6505	37
6506	39.9
6507	40.1
6508	37.8
6509	36.95
6510	39.3
6511	40.1
6512	43.1
6513	46.5
6514	46.3
6515	45.75
6516	45.65
6517	46.1
6518	47
6519	47.55
6520	47.1
6521	44.9
6522	42.45
6523	43
6524	45.5
6525	46.95
6526	48.35
6527	49.1
6528	49.45
6529	49.55
6530	49.55
6531	48.95
6532	45.85
6533	44.15
6534	44.9
6535	46.9
6536	47.95
6537	48.8
6538	48.5
6539	47.8
6540	47.35
6541	46.45
6542	44.8
6543	41.95
6544	37.6
6545	33.65
6546	28.1
6547	23.45
6548	22.1
6549	20.15
6550	18.7
6551	16.35
6552	14.25
6553	14.35
6554	13.75
6555	12.75
6556	9.7
6557	6.7
6558	7.1
6559	6.95
6560	14.35
6561	28.7
6562	39.45
6563	43.95
6564	46.6
6565	47.6
6566	47.75
6567	47.55
6568	47.45
6569	46.6
6570	45
6571	43.9
6572	42.8
6573	41.25
6574	40.35
6575	39.6
6576	37.9
6577	35.85
6578	32.7
6579	29.85
6580	29.05
6581	26.9
6582	27.5
6583	25.55
6584	31.1
6585	46.65
6586	46.5
6587	45.05
6588	43.45
6589	41.75
6590	39.45
6591	35.7
6592	30.65
6593	22
6594	11.6
6595	4.95
6596	1.25
6597	0.15
6598	0
6599	0.1
6600	0.5
6601	1.35
6602	2.25
6603	3
6604	3.7
6605	3.8
6606	3.6
6607	3.4
6608	1.55
6609	1.5
6610	1.65
6611	1.7
6612	1.8
6613	2
6614	2.15
6615	1.95
6616	1.1
6617	0.35
6618	0.05
6619	0.05
6620	0.7
6621	3.8
6622	9.65
6623	16.8
6624	22.9
6625	27.05
6626	29.55
6627	31.2
6628	31.95
6629	31.15
6630	30.3
6631	27.75
6632	16.75
6633	30.3
6634	40.35
6635	40.3
6636	40.55
6637	41
6638	41.15
6639	40.55
6640	38.55
6641	31.05
6642	32.2
6643	38
6644	40.75
6645	40.15
6646	37.7
6647	37.2
6648	36.3
6649	34.35
6650	32.4
6651	31
6652	29.5
6653	28.55
6654	28.8
6655	26.3
6656	21.15
6657	22.9
6658	26
6659	26.65
6660	29.7
6661	32.5
6662	32.75
6663	30.05
6664	25.1
6665	17.8
6666	16.5
6667	20.45
6668	25.5
6669	29
6670	29.85
6671	30.05
6672	28.55
6673	25.8
6674	22.65
6675	20.55
6676	19.7
6677	16.9
6678	13.25
6679	9.55
6680	4.25
6681	1.1
6682	0.95
6683	1.25
6684	1.3
6685	1.25
6686	0.95
6687	0.4
6688	0.15
6689	0.2
6690	0.65
6691	1.1
6692	1
6693	1.25
6694	1.8
6695	2.7
6696	3.45
6697	4.95
6698	7.85
6699	11.55
6700	16.5
6701	19.25
6702	23
6703	27.25
6704	32.1
6705	32.05
6706	25.7
6707	20.6
6708	19.4
6709	19.6
6710	19.05
6711	18.55
6712	17.4
6713	14.3
6714	14
6715	15.05
6716	13.9
6717	12.6
6718	11.35
6719	11.5
6720	12.2
6721	12.05
6722	11.05
6723	9.75
6724	8.4
6725	7.05
6726	5.9
6727	4.45
6728	1.4
6729	1.1
6730	1.7
6731	2.9
6732	4.85
6733	6.95
6734	8.6
6735	9.35
6736	9.3
6737	7.55
6738	6.75
6739	4.75
6740	2
6741	0.45
6742	0.05
6743	0
6744	0.05
6745	0.2
6746	0.7
6747	1.75
6748	3.45
6749	4.75
6750	5.05
6751	5.7
6752	4
6753	3.05
6754	6.9
6755	9.5
6756	9.9
6757	10
6758	9.65
6759	8.7
6760	7.65
6761	7.55
6762	8.75
6763	10.75
6764	13.4
6765	14.95
6766	14.2
6767	13.55
6768	17.55
6769	22.85
6770	29.2
6771	35.95
6772	38.25
6773	38.65
6774	39.9
6775	41.5
6776	39.05
6777	41.4
6778	46.2
6779	47.05
6780	47.25
6781	46.95
6782	46.8
6783	46.7
6784	45.85
6785	41.5
6786	34.45
6787	32.75
6788	30.6
6789	27.2
6790	22.3
6791	16.85
6792	11.35
6793	6.4
6794	3.4
6795	2.35
6796	3.1
6797	6.65
6798	13.4
6799	20.1
6800	15.2
6801	14.8
6802	22.1
6803	23.2
6804	24.3
6805	25.15
6806	25.15
6807	24.35
6808	22.45
6809	17.25
6810	14.8
6811	13.4
6812	14.1
6813	16.1
6814	17.9
6815	18.65
6816	18.65
6817	18.2
6818	17.7
6819	16.95
6820	15.8
6821	12.7
6822	8.95
6823	5.75
6824	2.55
6825	0.8
6826	1.45
6827	2.25
6828	2.3
6829	2.25
6830	2.35
6831	2.3
6832	2.4
6833	2.7
6834	4.05
6835	6.4
6836	9.65
6837	14.7
6838	21.05
6839	25.95
6840	28.05
6841	27.15
6842	23.85
6843	19.8
6844	16.05
6845	13.55
6846	13.05
6847	14.25
6848	11.25
6849	8.65
6850	22
6851	30.05
6852	32.9
6853	34.7
6854	36.5
6855	38.2
6856	38.4
6857	35.4
6858	34.75
6859	37.9
6860	37.25
6861	39.45
6862	43.5
6863	44.15
6864	43.15
6865	42.35
6866	42.6
6867	41.3
6868	38.25
6869	32.6
6870	26.8
6871	20.5
6872	12.2
6873	8.55
6874	7.3
6875	7.6
6876	9.1
6877	10.5
6878	11.35
6879	11.6
6880	10.15
6881	6.65
6882	7.1
6883	15
6884	26.4
6885	34.8
6886	39.35
6887	40.55
6888	40
6889	38.3
6890	34.8
6891	30.9
6892	29.8
6893	27.5
6894	23.85
6895	20.25
6896	11.45
6897	4
6898	4.05
6899	6.35
6900	7.6
6901	7.3
6902	8.3
6903	11.15
6904	12.35
6905	9.8
6906	8.35
6907	7.5
6908	7.8
6909	9.85
6910	13.7
6911	16.7
6912	18.3
6913	19.1
6914	18.95
6915	18.3
6916	18.15
6917	19.95
6918	22.9
6919	24.35
6920	15.25
6921	15.55
6922	18.1
6923	12.15
6924	7.7
6925	5.35
6926	4.2
6927	3.75
6928	3.75
6929	3.6
6930	4
6931	6.9
6932	11.75
6933	15.9
6934	20.3
6935	30.8
6936	40.9
6937	45.1
6938	44.6
6939	43.95
6940	41.85
6941	38.2
6942	34.15
6943	28.8
6944	27.35
6945	30.6
6946	29.3
6947	27.5
6948	27.85
6949	26.55
6950	22.55
6951	17.2
6952	15
6953	16.85
6954	22.55
6955	28.8
6956	32.9
6957	34.3
6958	32.9
6959	30.7
6960	28.65
6961	25.35
6962	21.6
6963	20.3
6964	18.1
6965	18.15
6966	16.05
6967	15.8
6968	17.5
6969	18.3
6970	20.4
6971	22.95
6972	23.75
6973	22.3
6974	17.4
6975	12.5
6976	8.15
6977	5.85
6978	5.3
6979	4.3
6980	2.35
6981	0.65
6982	0.35
6983	3.15
6984	8.8
6985	15.8
6986	22.05
6987	27.55
6988	31
6989	33.35
6990	34.9
6991	36.45
6992	34.35
6993	43.15
6994	43.65
6995	40
6996	35.25
6997	32.2
6998	30.35
6999	28.65
7000	28.25
7001	27.5
7002	29.75
7003	29.3
7004	27.25
7005	27.2
7006	28.3
7007	33.6
7008	36.35
7009	36.6
7010	34.35
7011	30.85
7012	29.95
7013	27.05
7014	23.4
7015	21.25
7016	22.8
7017	29.15
7018	33.7
7019	36.1
7020	37.55
7021	38.5
7022	39.05
7023	39.15
7024	38.75
7025	36.2
7026	35
7027	39.6
7028	41.1
7029	42.9
7030	43.2
7031	43.25
7032	43.8
7033	44.4
7034	46.2
7035	46.35
7036	46.05
7037	46.7
7038	47.2
7039	46.85
7040	45.5
7041	43.75
7042	40.15
7043	38
7044	34.05
7045	29.5
7046	26.6
7047	24.4
7048	21.05
7049	24.3
7050	30
7051	31.9
7052	33.35
7053	34.85
7054	35.95
7055	33.7
7056	27.75
7057	23
7058	21.15
7059	17.55
7060	12
7061	6.4
7062	2.55
7063	0.4
7064	0
7065	0.8
7066	5.1
7067	8.65
7068	11.45
7069	13.25
7070	18.35
7071	25.5
7072	30.7
7073	25.65
7074	18.45
7075	17.05
7076	19.4
7077	20.4
7078	23.55
7079	27.05
7080	26.25
7081	24.8
7082	23.4
7083	21.05
7084	19.15
7085	14.25
7086	10.2
7087	9.8
7088	6.9
7089	6.25
7090	12.45
7091	15.1
7092	17.7
7093	19.45
7094	20.25
7095	19.5
7096	16.9
7097	12.2
7098	11.7
7099	14.95
7100	20.75
7101	26.5
7102	31.15
7103	34.35
7104	36.7
7105	37.8
7106	37
7107	34.7
7108	32.1
7109	29.85
7110	28.3
7111	27.35
7112	17.7
7113	8.45
7114	8.7
7115	21.35
7116	24.5
7117	26.45
7118	26.55
7119	24.75
7120	16.85
7121	8.45
7122	3.3
7123	0.8
7124	0.15
7125	0.2
7126	0.7
7127	1.2
7128	1.7
7129	2.75
7130	4.9
7131	7.85
7132	10.7
7133	12.8
7134	14.65
7135	16.5
7136	14.75
7137	7.15
7138	7.5
7139	17.4
7140	24.9
7141	28.75
7142	30.75
7143	31.95
7144	29
7145	25.1
7146	26.9
7147	29.85
7148	33.15
7149	36.35
7150	37.7
7151	39.5
7152	41.3
7153	40.55
7154	41.3
7155	40.6
7156	36.9
7157	34.7
7158	31.1
7159	27.6
7160	23.35
7161	23.55
7162	22.3
7163	25.1
7164	29.4
7165	31.25
7166	30.6
7167	24.15
7168	17.5
7169	15.95
7170	19.3
7171	22.3
7172	28.3
7173	37.9
7174	41
7175	36.8
7176	31.85
7177	26.3
7178	21.2
7179	16.25
7180	13.45
7181	13.8
7182	17.65
7183	21.35
7184	13.8
7185	10.85
7186	17.4
7187	20.85
7188	21.45
7189	19.2
7190	18.3
7191	19.65
7192	20.6
7193	19.05
7194	19.4
7195	18.8
7196	18.7
7197	17.55
7198	15.25
7199	13.2
7200	11.05
7201	8.15
7202	5.35
7203	3.65
7204	2.6
7205	2.25
7206	2.25
7207	2.2
7208	1.3
7209	0.3
7210	0
7211	0.15
7212	0.55
7213	1.2
7214	1.9
7215	2.3
7216	2.4
7217	2.9
7218	4.05
7219	5.9
7220	8.55
7221	11.35
7222	13.5
7223	14.45
7224	14.05
7225	12.35
7226	10.85
7227	11.05
7228	11.85
7229	11.6
7230	10.65
7231	10.3
7232	8.05
7233	4
7234	9.15
7235	13.6
7236	17.25
7237	20
7238	21.35
7239	21.7
7240	19.65
7241	16.8
7242	17.25
7243	17.65
7244	19.25
7245	21.15
7246	21
7247	18.9
7248	17.65
7249	18.75
7250	20.15
7251	19.05
7252	16.5
7253	12.6
7254	8.05
7255	4.7
7256	3.35
7257	1.3
7258	1.2
7259	0.05
7260	0
7261	0
7262	0
7263	0
7264	0.2
7265	3.6
7266	11.9
7267	19.2
7268	21.3
7269	20.65
7270	19.4
7271	18.65
7272	18.85
7273	18.6
7274	19.75
7275	23.95
7276	29.9
7277	32.9
7278	28.7
7279	24.55
7280	19.55
7281	19.8
7282	24.85
7283	23.95
7284	22.1
7285	19.2
7286	15.45
7287	12.35
7288	9.3
7289	6.8
7290	5.85
7291	5.35
7292	5.7
7293	6.35
7294	5.5
7295	3.45
7296	3.5
7297	2.5
7298	0.25
7299	0
7300	0
7301	0
7302	0
7303	0
7304	0
7305	0
7306	0
7307	0
7308	0.05
7309	0.3
7310	0.65
7311	0.85
7312	1
7313	1.95
7314	3.1
7315	2.95
7316	2.55
7317	3.45
7318	5.95
7319	8.7
7320	10.7
7321	11.55
7322	11.25
7323	10.35
7324	11.05
7325	11.5
7326	10.25
7327	8.1
7328	7.5
7329	6.55
7330	4.85
7331	7.45
7332	7.45
7333	6.5
7334	5.25
7335	3.3
7336	1.45
7337	0.25
7338	0
7339	0.05
7340	1.5
7341	6.35
7342	13.55
7343	21.05
7344	25.65
7345	27.25
7346	27.65
7347	28.2
7348	28.65
7349	27.95
7350	26.8
7351	25.8
7352	15.8
7353	6.6
7354	9.85
7355	9.3
7356	8.75
7357	10.15
7358	13
7359	17
7360	20.45
7361	22.55
7362	26.5
7363	28.35
7364	30
7365	30.6
7366	31.6
7367	33.8
7368	35.65
7369	36.9
7370	35.35
7371	35.2
7372	36.5
7373	36.15
7374	35.2
7375	33.8
7376	25.25
7377	30.15
7378	36.1
7379	38.55
7380	40.85
7381	42.5
7382	43.7
7383	43.95
7384	42.5
7385	36.35
7386	30.25
7387	29
7388	29.8
7389	28.4
7390	22.7
7391	14.95
7392	9.5
7393	6.45
7394	5.8
7395	6.95
7396	7.65
7397	7.75
7398	8.45
7399	9.25
7400	6.05
7401	5
7402	3.75
7403	2.8
7404	1.7
7405	0.6
7406	1.65
7407	4.45
7408	4
7409	2
7410	1
7411	0.6
7412	0.45
7413	0.4
7414	0.45
7415	0.45
7416	0.45
7417	0.6
7418	1.05
7419	2.15
7420	4
7421	5.3
7422	5.05
7423	3.7
7424	1.45
7425	0.3
7426	0
7427	0
7428	0.1
7429	0.45
7430	0.7
7431	0.55
7432	0.2
7433	0.1
7434	0.35
7435	1.35
7436	3
7437	4.95
7438	7.05
7439	9.45
7440	11.4
7441	12.6
7442	12.9
7443	12.05
7444	10.3
7445	9.05
7446	9.2
7447	10.55
7448	10.15
7449	5.55
7450	9.6
7451	11.95
7452	10.6
7453	9.55
7454	8.15
7455	6.4
7456	4.4
7457	3.1
7458	2.55
7459	2.75
7460	3.55
7461	4.75
7462	5.75
7463	6.3
7464	6.4
7465	6.7
7466	6.75
7467	5.95
7468	5.05
7469	4.25
7470	3.55
7471	3.3
7472	3
7473	1.95
7474	1.75
7475	2.6
7476	4.85
7477	8.55
7478	12.1
7479	14
7480	13.75
7481	13.9
7482	13.8
7483	13.7
7484	15.9
7485	19.65
7486	23.05
7487	25.4
7488	25.5
7489	25.1
7490	23.4
7491	21.7
7492	18.95
7493	15.65
7494	14.35
7495	15.05
7496	18.25
7497	19.4
7498	19.15
7499	24.15
7500	33.4
7501	35
7502	35
7503	35.25
7504	34.5
7505	34.25
7506	36.6
7507	37.25
7508	37.45
7509	36.9
7510	35.45
7511	35.6
7512	36.2
7513	36.3
7514	35
7515	34.1
7516	37.4
7517	35.7
7518	30.95
7519	26.8
7520	21.8
7521	16.8
7522	16.75
7523	17.4
7524	15.35
7525	11.75
7526	8.5
7527	5.9
7528	5.35
7529	7.75
7530	13.85
7531	20
7532	22.5
7533	24.15
7534	24.9
7535	24.6
7536	24
7537	22.5
7538	20
7539	16.05
7540	12.05
7541	10.25
7542	9.3
7543	8.2
7544	5.15
7545	2.9
7546	1.5
7547	0.7
7548	0.9
7549	1.35
7550	1.75
7551	2.1
7552	2.75
7553	5.35
7554	11.5
7555	17.5
7556	18.35
7557	16.25
7558	15.35
7559	16.45
7560	18.7
7561	20.25
7562	19.65
7563	16.8
7564	14.65
7565	16.05
7566	20.85
7567	26.3
7568	24.15
7569	14.65
7570	24.6
7571	28.45
7572	29.6
7573	30.15
7574	29.9
7575	27.9
7576	22.4
7577	17.05
7578	13.4
7579	9.35
7580	6.8
7581	6.1
7582	6
7583	4.8
7584	3.8
7585	3.5
7586	3.4
7587	2.9
7588	1.95
7589	0.7
7590	0.05
7591	0
7592	0.35
7593	1.3
7594	1.75
7595	2.85
7596	3.25
7597	3.8
7598	3.9
7599	3.4
7600	3.2
7601	5
7602	8.8
7603	12.95
7604	14.05
7605	10.65
7606	5.3
7607	2.2
7608	0.7
7609	0.25
7610	0.3
7611	0.5
7612	0.4
7613	0.1
7614	0
7615	0
7616	0
7617	0.05
7618	0.1
7619	0.15
7620	0.4
7621	0.75
7622	1.2
7623	1.75
7624	2.25
7625	1.95
7626	1.35
7627	0.7
7628	0.45
7629	0.55
7630	0.9
7631	1.4
7632	1.55
7633	1.35
7634	0.85
7635	0.45
7636	0.35
7637	0.45
7638	0.45
7639	0.25
7640	0.05
7641	0.05
7642	0.15
7643	0.4
7644	0.6
7645	0.8
7646	0.85
7647	1.15
7648	2.8
7649	7.45
7650	12.5
7651	14.8
7652	11
7653	6.5
7654	6.1
7655	11.5
7656	20.6
7657	24.5
7658	18.5
7659	10.55
7660	8
7661	5.7
7662	5.1
7663	4.5
7664	4
7665	4.8
7666	6.05
7667	8.65
7668	12.3
7669	16.5
7670	24.15
7671	30.85
7672	32.35
7673	29.45
7674	29.45
7675	31.7
7676	33.2
7677	32.7
7678	30.15
7679	30.15
7680	30.9
7681	30.8
7682	30.45
7683	30
7684	30.15
7685	31.3
7686	31.95
7687	31.7
7688	26.2
7689	28.55
7690	41.5
7691	42.95
7692	44.1
7693	44.95
7694	44.85
7695	43.45
7696	38
7697	27.35
7698	25.6
7699	26.5
7700	25.95
7701	23.25
7702	16.9
7703	10.6
7704	6.25
7705	3.8
7706	2.6
7707	1.45
7708	0.5
7709	0.25
7710	0.3
7711	0.6
7712	0.65
7713	0.25
7714	0
7715	0
7716	0
7717	0
7718	0
7719	0
7720	0
7721	0
7722	0.05
7723	0.45
7724	1.05
7725	1.6
7726	2.3
7727	3.6
7728	4.85
7729	5.45
7730	5.3
7731	5.4
7732	6.35
7733	6.45
7734	6.65
7735	8.6
7736	9.3
7737	7.85
7738	14.6
7739	24.95
7740	30.1
7741	31.95
7742	31.2
7743	27.35
7744	20.25
7745	16.35
7746	16.7
7747	16.7
7748	16.05
7749	15.15
7750	13.7
7751	11.7
7752	9.75
7753	7.85
7754	6.4
7755	4.85
7756	3.8
7757	5.1
7758	7.75
7759	9.2
7760	7.05
7761	5
7762	3.15
7763	2.35
7764	2.4
7765	3
7766	4.05
7767	5.15
7768	5.45
7769	4.95
7770	4.35
7771	4.5
7772	5.5
7773	7.35
7774	9.55
7775	12.65
7776	16.8
7777	20.7
7778	23.05
7779	23.85
7780	23.05
7781	19.85
7782	15.65
7783	11.75
7784	7.15
7785	2.95
7786	3.25
7787	6.05
7788	9.65
7789	12.55
7790	14.45
7791	15.4
7792	15.2
7793	16.8
7794	16.4
7795	14.05
7796	11.4
7797	10
7798	10.7
7799	13.7
7800	17.3
7801	19.65
7802	19.85
7803	18.75
7804	17
7805	13.95
7806	10.5
7807	7.15
7808	3.6
7809	0.6
7810	0.1
7811	0.05
7812	0.1
7813	0.25
7814	0.45
7815	0.6
7816	0.8
7817	0.9
7818	0.7
7819	0.35
7820	0.15
7821	0.1
7822	0.15
7823	0.45
7824	1.05
7825	1.9
7826	2.9
7827	3.85
7828	4.5
7829	4.25
7830	3.5
7831	3.1
7832	3.2
7833	2.4
7834	5.6
7835	8.5
7836	9.4
7837	10.3
7838	11.1
7839	11.35
7840	11.25
7841	12.9
7842	14.8
7843	17.7
7844	21.8
7845	26.1
7846	30.45
7847	34.95
7848	36.4
7849	36.2
7850	35.6
7851	33.1
7852	30.7
7853	27.5
7854	23
7855	21.35
7856	19.15
7857	17.7
7858	20.15
7859	24.7
7860	27.65
7861	27.8
7862	25.25
7863	20.85
7864	15.8
7865	17.4
7866	21.05
7867	24.85
7868	29
7869	30.05
7870	29
7871	28.55
7872	24.85
7873	20.1
7874	18.15
7875	17.4
7876	16.7
7877	12.15
7878	11.3
7879	12.2
7880	12.3
7881	16.9
7882	25.25
7883	27.5
7884	33.2
7885	40.05
7886	43.7
7887	44.9
7888	44.95
7889	44.35
7890	44
7891	44
7892	43.65
7893	43.45
7894	43.5
7895	44.3
7896	44.7
7897	44.15
7898	42.65
7899	40.95
7900	39.6
7901	39.15
7902	38
7903	36.9
7904	40.5
7905	41.95
7906	41.5
7907	41.05
7908	41.2
7909	41.85
7910	42.3
7911	42.6
7912	42.45
7913	40.15
7914	36.95
7915	35.65
7916	33.25
7917	32.45
7918	31.05
7919	29.6
7920	31.95
7921	33.8
7922	35
7923	36.45
7924	37
7925	34.9
7926	33
7927	33.35
7928	31.65
7929	39.5
7930	45.95
7931	48.5
7932	49.5
7933	49.4
7934	49
7935	48.95
7936	49.15
7937	49.55
7938	49.15
7939	49
7940	48.9
7941	48.75
7942	48.5
7943	48.35
7944	47.8
7945	47
7946	45
7947	43.35
7948	40.1
7949	40.65
7950	41.8
7951	43.25
7952	42.7
7953	39.5
7954	46.9
7955	49.05
7956	49.55
7957	49.1
7958	49.15
7959	49.5
7960	49.55
7961	49.4
7962	49.3
7963	49.3
7964	49.05
7965	48.7
7966	48.65
7967	48.35
7968	47.2
7969	45.9
7970	45.05
7971	45.05
7972	43.9
7973	43.15
7974	43.55
7975	43.55
7976	42.4
7977	42.6
7978	48.5
7979	49.2
7980	49.45
7981	49.55
7982	49.45
7983	49.55
7984	49.35
7985	48.6
7986	48
7987	46.7
7988	44.65
7989	44.65
7990	46.45
7991	47.45
7992	47
7993	46.85
7994	46.2
7995	44.95
7996	43.8
7997	42.3
7998	40.6
7999	38.95
8000	35.6
8001	25.7
8002	23.4
8003	33.05
8004	37.55
8005	39
8006	38.9
8007	35.45
8008	28.4
8009	28.85
8010	29.95
8011	31.4
8012	33.3
8013	34.5
8014	34.6
8015	34
8016	32.65
8017	30.4
8018	27.1
8019	22.8
8020	17.85
8021	13
8022	9.2
8023	7
8024	6.25
8025	5.05
8026	2.75
8027	3.55
8028	7.75
8029	11.7
8030	13.7
8031	13.25
8032	10.85
8033	9.65
8034	9.05
8035	10.55
8036	13.55
8037	16.8
8038	20.6
8039	24.85
8040	28.75
8041	31.2
8042	31.85
8043	31.4
8044	31.15
8045	30.4
8046	30.25
8047	30.6
8048	29
8049	17.8
8050	19.7
8051	31.6
8052	32.35
8053	32.8
8054	33.1
8055	32.95
8056	32
8057	30.5
8058	31.3
8059	31.75
8060	31.95
8061	34.05
8062	32.15
8063	27.95
8064	23.1
8065	19.4
8066	16.3
8067	13.25
8068	9.8
8069	7.5
8070	6.75
8071	6.05
8072	4
8073	1.1
8074	0.85
8075	1.5
8076	2.3
8077	3.4
8078	4.55
8079	5.7
8080	6.35
8081	5.7
8082	4.45
8083	2.65
8084	1.5
8085	1.95
8086	4.15
8087	8.35
8088	13.45
8089	16.85
8090	18.1
8091	18.5
8092	18.55
8093	17.85
8094	16.8
8095	15.45
8096	13.25
8097	6.75
8098	3.1
8099	1.35
8100	0.85
8101	1.4
8102	2.3
8103	3
8104	3.85
8105	5.65
8106	7.4
8107	7.1
8108	5.1
8109	3.45
8110	2.65
8111	1.9
8112	2.05
8113	3.85
8114	7.1
8115	11.4
8116	16.5
8117	20
8118	22.45
8119	23.3
8120	23.2
8121	23.9
8122	32.7
8123	33.25
8124	32.7
8125	32.15
8126	31.4
8127	30.3
8128	27.85
8129	20.1
8130	15.75
8131	16
8132	21.2
8133	26.55
8134	30.1
8135	32.8
8136	33.1
8137	32.3
8138	31.7
8139	31.05
8140	29.3
8141	25.35
8142	20.85
8143	18.3
8144	16.65
8145	12.8
8146	18.4
8147	24.5
8148	27.7
8149	30.4
8150	32.1
8151	32.85
8152	30.3
8153	22.7
8154	21.35
8155	21.4
8156	23.15
8157	25.95
8158	27.95
8159	29.45
8160	29.05
8161	28
8162	28.45
8163	28.75
8164	27.9
8165	24.8
8166	21.2
8167	18.65
8168	15.2
8169	9.75
8170	14.65
8171	20.3
8172	25.35
8173	28.3
8174	29.6
8175	29.5
8176	27.7
8177	22.7
8178	19.65
8179	19.8
8180	22.4
8181	25.2
8182	27.7
8183	28.3
8184	28.4
8185	28.1
8186	27.2
8187	25.45
8188	23
8189	20.25
8190	17.5
8191	16.6
8192	14.25
8193	10.2
8194	6.45
8195	3.2
8196	1.7
8197	1.4
8198	1.4
8199	1.4
8200	1.45
8201	1.85
8202	1.9
8203	1.45
8204	0.9
8205	0.7
8206	0.7
8207	0.9
8208	1.35
8209	1.65
8210	1.8
8211	2.2
8212	2.85
8213	2.65
8214	1.7
8215	0.85
8216	0.45
8217	0.25
8218	0.1
8219	0.25
8220	0.85
8221	1.85
8222	2.7
8223	2.6
8224	1.85
8225	0.75
8226	0.2
8227	0.05
8228	0
8229	0
8230	0
8231	0.2
8232	0.65
8233	1
8234	1.5
8235	1.7
8236	1.3
8237	0.7
8238	0.4
8239	0.3
8240	0.4
8241	0.45
8242	0.15
8243	0.05
8244	0.05
8245	0.1
8246	0.1
8247	0.15
8248	0.75
8249	3.45
8250	5.45
8251	5.3
8252	4.15
8253	3.5
8254	3
8255	3.65
8256	4.85
8257	6.6
8258	9.25
8259	11.2
8260	10.4
8261	9.95
8262	10.1
8263	9.9
8264	8.9
8265	6.65
8266	5.4
8267	7.8
8268	8.6
8269	8.8
8270	9.95
8271	11.55
8272	11
8273	9.55
8274	9.05
8275	9.85
8276	10.75
8277	10.4
8278	9.35
8279	9.05
8280	8.4
8281	7.7
8282	6.55
8283	4
8284	2.15
8285	1.45
8286	1.05
8287	0.65
8288	0.25
8289	0.05
8290	0
8291	0.05
8292	0.55
8293	1.75
8294	2.75
8295	2.9
8296	2.7
8297	3.35
8298	4.6
8299	5.25
8300	5.05
8301	4.8
8302	5.65
8303	7.55
8304	11.45
8305	17.2
8306	20.25
8307	19.8
8308	18.7
8309	18.1
8310	18.1
8311	18.95
8312	19.05
8313	24.5
8314	32.05
8315	35.95
8316	39.2
8317	41.9
8318	44.15
8319	45.65
8320	46.35
8321	45.65
8322	45.7
8323	46.1
8324	45.25
8325	44.75
8326	44.35
8327	43.05
8328	41.3
8329	41
8330	39.45
8331	35.1
8332	31.25
8333	27
8334	23.4
8335	21.05
8336	18.2
8337	11.75
8338	16.5
8339	19.4
8340	22.9
8341	25.25
8342	26.35
8343	26.15
8344	23.8
8345	19.5
8346	17.8
8347	18.3
8348	21.45
8349	26.1
8350	30.25
8351	33.8
8352	35.15
8353	34.85
8354	34.8
8355	35.75
8356	36.45
8357	36.35
8358	35.65
8359	34.8
8360	32.2
8361	22.9
8362	31.7
8363	36.65
8364	36.5
8365	37
8366	37.4
8367	37.25
8368	32.3
8369	27.4
8370	28.55
8371	30.6
8372	33.35
8373	35.75
8374	37
8375	37.9
8376	37.8
8377	37.2
8378	36.6
8379	36.25
8380	35.95
8381	34.35
8382	32.2
8383	30.3
8384	26.6
8385	13.9
8386	8.3
8387	10.6
8388	12.2
8389	16.2
8390	20.4
8391	22.45
8392	20.45
8393	19.5
8394	19.85
8395	20.85
8396	23.15
8397	25.35
8398	26
8399	25.2
8400	23.7
8401	22.45
8402	20.85
8403	18.55
8404	16
8405	12.9
8406	9.5
8407	6.95
8408	5.85
8409	3.65
8410	0.9
8411	0.15
8412	0.2
8413	0.2
8414	0.2
8415	0.25
8416	0.6
8417	1.75
8418	3.85
8419	6
8420	8.3
8421	11.65
8422	16.85
8423	21.8
8424	25.95
8425	28.75
8426	30.15
8427	30.85
8428	30.8
8429	30.15
8430	29.6
8431	29.7
8432	28.4
8433	17.7
8434	9.95
8435	12.65
8436	16.7
8437	19.8
8438	23
8439	26.2
8440	25.95
8441	25.1
8442	26.8
8443	28.2
8444	28.15
8445	27.25
8446	25.3
8447	22.7
8448	19.4
8449	16.6
8450	14.9
8451	13.75
8452	13
8453	11.15
8454	9.75
8455	10.35
8456	11.3
8457	8.3
8458	9.4
8459	10.75
8460	12.4
8461	12.25
8462	11.3
8463	10.9
8464	10.35
8465	10.7
8466	10.35
8467	10.45
8468	10
8469	10.15
8470	13.25
8471	18.45
8472	23.4
8473	26.3
8474	27.05
8475	25.95
8476	23.15
8477	20.85
8478	19.65
8479	19.05
8480	18.2
8481	16.25
8482	23.25
8483	25.7
8484	27.5
8485	29.1
8486	30.3
8487	31.25
8488	30.6
8489	26
8490	22.5
8491	20.25
8492	19.5
8493	20.85
8494	23.7
8495	28.05
8496	29.45
8497	29.25
8498	30.05
8499	31.35
8500	29.8
8501	27.55
8502	25.85
8503	25.95
8504	25.9
8505	33.6
8506	42
8507	43
8508	43.35
8509	43.45
8510	43.2
8511	42.85
8512	42.1
8513	38.5
8514	35.95
8515	31.85
8516	26.8
8517	24.25
8518	22.3
8519	21.65
8520	21.15
8521	20.3
8522	19.2
8523	17.7
8524	16.25
8525	13.65
8526	11.05
8527	8.35
8528	4.8
8529	0.8
8530	0.15
8531	0.15
8532	0.2
8533	0.45
8534	1
8535	1.3
8536	1
8537	1
8538	1
8539	1
8540	0.85
8541	0.75
8542	0.8
8543	0.75
8544	0.5
8545	0.3
8546	0.25
8547	0.45
8548	0.8
8549	1.5
8550	2.8
8551	4.25
8552	5.45
8553	4.3
8554	2.55
8555	5.3
8556	4.35
8557	2.65
8558	1.3
8559	0.7
8560	0.6
8561	0.85
8562	1.05
8563	1
8564	0.85
8565	0.6
8566	0.45
8567	0.4
8568	0.3
8569	0.15
8570	0.05
8571	0
8572	0.05
8573	0
8574	0.2
8575	1.85
8576	4.8
8577	4.55
8578	1.55
8579	2.15
8580	1.9
8581	1.85
8582	2
8583	2.15
8584	2.2
8585	1.35
8586	0.85
8587	1.15
8588	2.4
8589	6.25
8590	10.35
8591	11.95
8592	14
8593	15.9
8594	17.65
8595	20.75
8596	22.9
8597	21.25
8598	18.45
8599	17.05
8600	15.65
8601	8.05
8602	7.55
8603	7.75
8604	10.4
8605	15.2
8606	19.4
8607	21.4
8608	18.9
8609	14.85
8610	12.5
8611	13.15
8612	16
8613	18.7
8614	20.1
8615	24.65
8616	31.85
8617	35.7
8618	36.1
8619	34.35
8620	32.2
8621	30.25
8622	29.05
8623	28.4
8624	25.7
8625	15.45
8626	20.15
8627	26.5
8628	32.7
8629	36.2
8630	37.2
8631	37.45
8632	35.9
8633	27.5
8634	21.5
8635	19.15
8636	18.1
8637	17.75
8638	16.35
8639	15.75
8640	16.25
8641	17.25
8642	16.3
8643	12.75
8644	9.1
8645	6.55
8646	5.55
8647	6.2
8648	6.95
8649	6.4
8650	6.25
8651	5.75
8652	6
8653	7.1
8654	9.05
8655	11.9
8656	15.2
8657	16.9
8658	18.6
8659	21.45
8660	24.45
8661	28.2
8662	30.85
8663	31.75
8664	35.05
8665	35.15
8666	34.65
8667	32.8
8668	32.45
8669	31.4
8670	30.25
8671	30.4
8672	30.35
8673	32.45
8674	42.4
8675	44.6
8676	45.85
8677	46.25
8678	46.05
8679	45.25
8680	42.9
8681	36.55
8682	31.3
8683	32.3
8684	34.5
8685	35.75
8686	35.9
8687	35.7
8688	35.05
8689	34.25
8690	33.3
8691	32.6
8692	31.75
8693	29.45
8694	26.6
8695	24.3
8696	21.35
8697	11
8698	5.4
8699	11.1
8700	16.5
8701	20.35
8702	24
8703	24
8704	17.65
8705	12.95
8706	11
8707	12.75
8708	17.75
8709	25.5
8710	31.7
8711	34.65
8712	37.35
8713	39.65
8714	41.1
8715	42.7
8716	41.6
8717	39.55
8718	39.5
8719	40.7
8720	40.4
8721	33.45
8722	37
8723	44.85
8724	45.45
8725	45.45
8726	45.15
8727	44.05
8728	42.15
8729	41.9
8730	39.95
8731	38.85
8732	39.5
8733	40.5
8734	40.75
8735	41.5
8736	41.9
8737	41.85
8738	41.3
8739	40.35
8740	39.25
8741	37.85
8742	36.35
8743	35.6
8744	34
8745	24.2
8746	27.55
8747	34.4
8748	34.5
8749	32.8
8750	29.65
8751	24.5
8752	16.35
8753	10.45
8754	4.55
8755	1.1
8756	0.85
8757	2.3
8758	5.75
8759	11.3
8760	18
8761	24.3
8762	29.2
8763	32.35
8764	32.9
8765	31.4
8766	28.7
8767	25.8
8768	22.15
8769	13.8
8770	4.7
8771	2.1
8772	3.15
8773	5.95
8774	6.85
8775	6.45
8776	4.1
8777	1.9
8778	0.75
8779	0.4
8780	0.35
8781	0.65
8782	1.9
8783	7.4
;

param emxCap :=
HyESS EL 5
CAESS COMP 0.1
;

param e2x :=
HyESS EL 0.17
CAESS COMP 0.81
;

param eInv :=
HyESS EL 3725
CAESS COMP 40
;

param eOMC :=
HyESS EL 350
CAESS COMP 0.7
;

param smxCap :=
BESS BAT 0.1
HyESS HT1 10.0
HyESS HT2 5.0
CAESS CAT 0.125
;

param e2s :=
BESS BAT 0
HyESS HT1 0.1
HyESS HT2 0.1
CAESS CAT 0
;

param mxsIn :=
BESS BAT 0.05
HyESS HT1 3.0
HyESS HT2 1.0
CAESS CAT 0.08
;

param mxsOut :=
BESS BAT 0.05
HyESS HT1 3.0
HyESS HT2 1.0
CAESS CAT 0.08
;

param sini :=
BESS BAT 0.2
HyESS HT1 0.2
HyESS HT2 0.2
CAESS CAT 0.2
;

param xCh :=
BESS BAT 0.87
HyESS HT1 1
HyESS HT2 1
CAESS CAT 1
;

param xDis :=
BESS BAT 0.87
HyESS HT1 1
HyESS HT2 1
CAESS CAT 1
;

param xRes :=
BESS BAT 0.99
HyESS HT1 1
HyESS HT2 1
CAESS CAT 1
;

param sInv :=
BESS BAT 19
HyESS HT1 145
HyESS HT2 67.4
CAESS CAT 28
;

param sOMC :=
BESS BAT 3.5
HyESS HT1 1
HyESS HT2 0
CAESS CAT 0.28
;

param xmxCap :=
HyESS FC 0.1
CAESS AE 0.1
;

param x2e :=
HyESS FC 2.33
CAESS AE 0.79
;

param xInv :=
HyESS FC 170
CAESS AE 42
;

param xOMC :=
HyESS FC 5
CAESS AE 0.84
;
